Using WEST data from '/scratch/09416/dty7/eg5/ls6-we/multi-mab_nomon_v01_r00/west.h5'
# successful (recycled) segments
# column 0:    iteration
# column 1:    seg_id
# column 2:    weight
# column>2:    final progress coordinate value
     887           6     1.1121628373344e-74           15.1595          -91.2746          6.022202          6.022202
     889         319     6.9510177333398e-76           13.5536          -44.8658          6.039597          6.039597
     890         279     2.0774780500257e-74            16.121         -98.24629          6.003204          6.003204
     892         299     1.3386507177741e-75           15.4512         -52.24229          6.290009          6.290009
     893           5     1.5929159264876e-76          16.85361         -73.62489          6.047913          6.047913
     893         296     1.3386507177741e-75           16.4198         -44.64549           6.16391          6.536713
     893         303     1.5929159264876e-76          16.69301         -41.21889          6.210907          6.210907
     893         312     3.3466267944354e-76          15.88841         -36.75209          6.182098           6.35611
     894           5     6.6932535888707e-76          16.74521           -45.649          6.784607          6.784607
     894           7     3.3466267944354e-76           15.8085           -33.547          6.221207          6.221207
     896           7     3.4322974990981e-77          15.71429          -24.5802          6.227005          6.315704
     896         296     1.8060563910916e-76           17.8326           -57.537            6.0914          6.429596
     896         305     1.7953390072079e-76            16.033          -11.4901          6.259598          6.259598
     896         316     2.6548598774793e-77          15.78951          -44.4113          6.040405          6.040405
     900         302      6.703706052926e-80          15.80991         -17.46809          6.021606          6.096497
     900         303      6.703706052926e-80          18.70061          -22.2076          7.956406          7.956406
     901         270     4.0336275237943e-73          17.83711         -58.14929          6.120102          6.172302
     901         280     1.1047367152649e-82          29.50481           2.31871          7.063812          7.063812
     901         281     1.1047367152649e-82           28.8085         -2.302795          6.116409          6.116409
     901         283     1.1047367152649e-82            29.246          -14.1541          6.133713          6.133713
     905           5     5.5032550445836e-73           19.3744         -49.86819          6.686203          6.941696
     905         307     6.5465879423106e-83          15.64951         -15.25999          6.811493          6.811493
     906         199     1.0788444485009e-85           29.7193          7.040512          6.532501          6.911407
     906         202     1.0788444485009e-85          32.22029        -0.8904877          6.841705          7.239212
     906         295     1.0788444485009e-85          34.26082         -4.650192          6.726303          6.726303
     906         296     1.0788444485009e-85          34.82841           7.20871          6.035904          6.035904
     906         305     1.3758137611459e-73          19.69911         -41.10159          6.728104          7.513107
     906         306     1.3758137611459e-73          18.79051         -71.14519          6.080811          6.080811
     907           4     1.8344183481945e-73          14.39969         -61.67401          6.199402          6.308792
     907           5     3.6688366963891e-73          14.55409         -75.78931          6.620102          6.620102
     907         191     2.6971111212522e-86          30.28789         -9.922699          6.269196          6.627197
     907         272     3.7909651202975e-72          15.56589          -13.3511          6.463089          6.463089
     907         285     2.6889029203576e-73           17.2244            -7.584           7.65889           7.65889
     907         289     2.6971111212522e-86          34.35739          8.775299          7.007095          7.007095
     907         290     2.6971111212522e-86          33.77899          3.535202          7.569702          7.569702
     907         291     2.6971111212522e-86          35.07849         -6.878204          6.015594          6.015594
     907         296     2.6971111212522e-86          32.94299          9.823196          7.353394          7.353394
     907         297     2.6971111212522e-86          34.40059          6.713593          8.345688          8.345688
     907         298     2.6971111212522e-86          34.54819          6.988098            7.1483            7.1483
     907         299     2.6971111212522e-86          34.71129          2.733688          7.216293          7.216293
     908           4     9.2508913224273e-74          22.15359          -52.1004          7.087601          7.087601
     908           5     9.2508913224273e-74           19.6848         -51.96481          6.528198            7.6633
     908           6     9.2508913224273e-74           20.6693          -62.1465          6.270996          7.236801
     908           7     9.2508913224273e-74          20.89029         -37.26221          6.905792          6.905792
     908          13     1.3485555606261e-86          32.20189        -0.9966125          7.970596          8.439896
     908          14     1.3485555606261e-86           36.9953            7.8078           8.93309           8.93309
     908          15     1.3485555606261e-86           33.0499          6.422089          9.491592          9.648895
     908         303     6.7222573008941e-74           17.8342            8.4776          6.771393          6.771393
     909         267     4.5024130679075e-73           15.7039           -54.759          6.176697          6.176697
     909         286     1.6856944507826e-87            30.994         0.5552063          6.427704          6.427704
     909         291     1.6805643252235e-74           16.8475          -12.4937            6.0681            6.0681
     909         292     1.6805643252235e-74          17.49831         -4.942398          7.231506          7.231506
     910          11      4.495185202087e-87          36.20929          6.873199          10.48769          10.48769
     910         304     4.2142361269566e-88          30.54239          8.880295           6.14949          6.214996
     911           4     1.2498015446562e-74           14.0816         -8.300507          6.215607          6.215607
     911         293     5.7823550227849e-74           15.5536         -8.647598          6.552795          6.552795
     911         304     1.2498015446562e-74           16.5423         -52.38271          6.969101          6.969101
     912           4     1.4455887556962e-74           17.0849         -2.539795          7.545013          7.545013
     912           8     3.1245038616407e-75          14.35341          3.775208          6.718307          7.098511
     912         182     2.6338975793479e-89          32.52281          8.839111          7.864304          7.864304
     912         287     2.6338975793479e-89          32.24391          3.275513          8.375107          8.422501
     913         171     6.7384757508812e-75          15.02271          -17.5107          7.243011          7.243011
     913         261     6.5847439483697e-90           31.0235          6.027603          6.969406          6.969406
     913         270     2.7505064574954e-73           14.7496         -16.14439          6.553406          6.553406
     914         176     1.6846189377203e-75           14.5751          9.251297          6.431198          6.431198
     915          14     2.1656491207971e-87           37.2117          2.560303          10.29991          10.29991
     915         275     1.3752532287477e-73           14.7594         -18.63919          6.029205          6.029205
     915         281      9.168354858318e-74          15.79831          -12.7746          6.543411          6.543411
     915         291     7.1270116119591e-74           15.0742         -83.78209          6.513901          6.647812
     915         294     7.1270116119591e-74           15.0191         -58.65459           6.03891           6.03891
     916         296     1.0288662419328e-91           34.7545          -19.9911          6.837509          6.837509
     916         299     1.0288662419328e-91           33.8102         -4.079391            7.9133            7.9133
     916         305     7.1270116119591e-74          15.78081         -107.6061            6.1203            6.1203
     917           4     7.1270116119591e-74           15.1806         -92.44099          6.260193          6.260193
     917           5     4.6328463598505e-74           19.8741         -100.9454          7.362396          7.362396
     917           6     4.6328463598505e-74            18.196          -82.7392          6.126801          6.126801
     917          12     1.4983950673623e-87          37.75151          7.543198           10.3372           10.3372
     917         286     1.7817529029898e-74           15.5685          -51.2803          6.189301          6.189301
     917         287     1.9005364298558e-73           18.3567          -54.3322          7.337494          7.337494
     917         296     3.7490742671317e-88          32.52699          2.829407          6.466904          6.466904
     918           8     2.1129711692102e-87          39.17259          5.496887          9.346893           11.9498
     918           9     2.0767550774941e-87          36.02858          3.183701            8.2061            8.2061
     918         301     9.3726856678291e-89           32.1933           6.90799          6.737488          7.097092
     919           8     3.7459876684059e-88          33.72951          6.121811          7.703598          7.703598
     919          10     3.7459876684059e-88          34.60721          7.490311          9.316299           10.2312
     919          11     3.7459876684059e-88          36.66541          4.967407           11.3846           11.3846
     919         320     1.7419028648545e-73           15.4747          -45.6534          7.117599          7.117599
     919         321     1.7419028648545e-73          14.58501           -17.101          6.406708          6.406708
     920          11     2.3431714169573e-89           32.6506         -1.877899          6.109207          8.767303
     920         326     2.9260275235486e-73           18.6219         -5.363998          6.412399          6.412399
     920         333     5.8579285423932e-90          32.10431          9.030807          6.283997          6.295609
     920         334     5.8579285423932e-90          32.15471          3.948608          7.319611          7.319611
     920         335     5.8579285423932e-90          34.42891          3.991501          7.862701          7.862701
     921          14     1.1709024769899e-88          39.13611          3.559006          13.63971          13.63971
     921         316     1.4644821355983e-90          32.67151         -3.965302          6.259903          6.259903
     921         317     1.4644821355983e-90           35.2679         -22.99429          7.487305          7.487305
     921         318     1.4644821355983e-90          37.54071         0.4934998          9.072998          9.072998
     921         319     1.4644821355983e-90          36.14801            1.9608          7.976501          7.976501
     921         324     1.0423904309664e-73          16.34711          -48.6447          6.250702          6.250702
     922         345     7.3224106779915e-91          33.09671         -5.830597          7.447495          7.447495
     922         346     7.3224106779915e-91          31.54669          8.541794          6.097794          6.097794
     923           8     2.9272360974309e-89          31.61519          3.617004          6.025009          7.319504
     923           9     2.9272360974309e-89           33.1433         -1.794601           6.07811          6.764999
     923          10     2.9272360974309e-89          34.20171          4.094498          7.464905          7.649704
     923          11     2.9272360974309e-89           32.1144          9.169708          6.755402          8.652298
     923          13     5.1258884250319e-90          33.22041           1.41011           10.8255           10.8255
     923         200     1.8306026694979e-91           31.6989          5.330902          8.346909          8.346909
     923         296      4.992754759014e-75           17.6913         -4.109894          6.051498          6.051498
     923         301     1.8306026694979e-91          34.07561          6.033798          6.163696          6.163696
     923         302     1.8306026694979e-91          34.30501         -9.973404          6.555908          6.555908
     924          12     1.2481886897535e-75           19.2473          2.429703           6.36499           6.36499
     924          13     1.2481886897535e-75          16.88829         -5.702499          7.332001          7.874588
     924          18     1.2481886897535e-75          21.23918          1.143799          6.235397          6.235397
     924         294     1.1700245549723e-73          21.05449          -62.0027          6.015198          6.015198
     924         315     4.5765066737447e-92           34.9847         -18.04581          6.362488          6.362488
     925          18     1.1441266684362e-92           29.8709          6.656601          6.130905          6.130905
     925         272     4.7687405423798e-74           19.8107          -81.4303          6.326202          6.326202
     925         292     2.6348235891951e-74           19.4594         -14.66339          7.309906          7.995605
     925         297     1.1441266684362e-92            35.286          -14.0946          6.188797          6.188797
     925         305      8.236386674642e-75          24.20741          -73.9743          6.584106          6.584106
     925         306      8.236386674642e-75           23.3156          -53.7332          6.139801          6.271698
     925         307      8.236386674642e-75           25.6346          -58.9023          6.156494          6.156494
     926          21     7.8011793109593e-77          17.22411          5.688202          6.171799          7.292206
     926          23     7.8011793109593e-77           17.9789       -0.08540344          6.571609          6.571609
     926          25     5.7206333421809e-93           36.2296         -2.894104          8.020096          8.020096
     927          15     1.3622940289215e-74          24.01859         -60.05731          6.913391          7.007294
     927         290     7.3126534685772e-75           19.2383         -54.41501          6.807495          7.519699
     927         292     1.2263267490436e-73           16.7224         -61.26421          6.729294          6.729294
     927         295     7.2886172811899e-74           17.6528          -46.9985          6.081696          6.081696
     927         301     7.1507916777261e-94          36.28958          -12.5473          6.434097          6.434097
     927         302     7.1507916777261e-94           38.0993         -13.51421          8.504791          8.504791
     927         309     7.1507916777261e-94          36.04739         0.9283905          6.357697          6.357697
     927         315     5.9609256779747e-75          20.38229          -60.9888           6.39389           6.39389
     928          14     3.9268205291359e-77          17.53311         -2.126892          6.617813          8.358704
     928         299     4.6449958205512e-75           19.7778         -22.60469          6.046906          7.254211
     928         306     1.7876979194315e-94          36.62941          -23.4393          6.635498          6.635498
     928         307     1.7876979194315e-94           35.6851          -18.7401            6.0224            6.0224
     928         312     1.4902314194937e-75          19.21051         -72.85539          6.130203          6.130203
     928         314     1.4902314194937e-75            19.436         -78.15549          6.105408          6.105408
     929         307     7.3126534685772e-75          18.44121         -65.67879          7.439011          8.104401
     929         310      2.131987627563e-74          19.68901          -22.8367          7.039902          7.039902
     930          15     1.2187755780962e-75          20.71381          -60.5298          6.530502          6.530502
     930          20     1.9502948277398e-77          17.30611          4.775009          6.479309          8.335297
     930         220     1.2189342673374e-78           15.1886         -2.863403          6.541702          6.637909
     930         274     1.5993375511128e-74           15.4836         -3.785492           6.22641           6.22641
     930         303     1.2187755780962e-75           17.0076         -59.68629          6.332809          7.586197
     930         311     1.1173111996447e-95           35.2141          -10.2827          6.306503          6.306503
     930         316     1.1173111996447e-95          35.62611         -10.42709          6.275101          6.275101
     930         317     1.1173111996447e-95          34.94569          -15.1196          7.196503          7.196503
     930         318     1.1173111996447e-95          34.02089         -7.913498          6.439209          6.439209
     931          13     3.0469389452405e-76           18.2827         -68.04761          6.186691          6.824387
     931          14     3.0469389452405e-76           19.6346         -102.9351          6.063095          6.063095
     931          15     3.0469389452405e-76           17.1584          -62.7621          6.196793          6.196793
     931         310     6.1379926650793e-74           16.6864          -30.7921          6.134399          6.134399
     931         317     2.7932779991118e-96          37.09338         -2.282104          7.136292          7.136292
     931         319     2.7932779991118e-96          36.67911            -8.931          6.629501          6.629501
     932          14      1.143131764745e-74           17.0434         -24.15051            6.0224            6.0224
     932         214     6.9831949977794e-97           37.0186          9.092194          6.507095          6.507095
     933         276     7.7769397806968e-77          15.89951         -103.4268          6.317703          6.317703
     933         291     4.5725270589798e-74          20.01581         -37.64639          6.267502          6.267502
     933         314     1.7457987494448e-97          35.74179         -10.77299          6.180099          6.180099
     934          12      2.590235318092e-78           15.6869          9.708603          6.786713          6.786713
     934          13     1.4326673119437e-78          14.78001          2.052307          6.043701          6.043701
     934         301     4.3644968736121e-98           37.4984         -9.123093          7.456009          7.456009
     934         303     4.3644968736121e-98          36.95869         -18.26569          8.259308          8.259308
     935          14     3.6666644785981e-75           18.0784         -72.68341          6.198196          6.198196
     935          15     3.6674825662084e-75          14.98239          -12.4613          6.060287            7.5383
     935          22     8.6341177269732e-79           17.9805          8.636398          6.078491          6.078491
     935         311     7.1103600141678e-74          16.64839         -20.10991          6.274094          6.274094
     935         324      1.091124218403e-98             37.95         -21.13251          7.937195          7.937195
     935         326      1.091124218403e-98          39.99638         -12.76601          8.637894          8.637894
     935         327      1.091124218403e-98          37.16161         -14.62721          6.410095          6.410095
     935         332     1.0226095127958e-79          21.85719          3.410492          6.055801          6.055801
     935         333     1.0226095127958e-79          23.68579         0.7929993          6.773392          6.773392
     935         335     1.0226095127958e-79           20.8801          -11.3152          7.609589          7.609589
     936          12     1.2189342673374e-78           14.9996          5.857208          6.270706          7.453506
     936         312     2.7278105460076e-99          36.74019         -21.61279            7.3396            7.3396
     936         313     2.7278105460076e-99          38.03191         -7.752396          9.983505          9.983505
     936         315     2.7278105460076e-99           39.9239          -14.9637          8.541702          8.541702
     937          13     7.0212344751831e-75           23.8916         -21.04901          7.300995          7.300995
     937          14     4.9971398850372e-75           27.4012         -33.72731          7.923294          8.665802
     937          16     7.9821770965557e-78            14.612          -14.1185          6.153595          6.153595
     937         316    6.8195263650189e-100            38.476          -31.6945            7.9142            7.9142
     937         317    6.8195263650189e-100          37.61949          -25.4371          6.839188          6.839188
     937         318    6.8195263650189e-100           38.9594          -28.2256          8.188889          8.188889
     938           8     3.9910885482778e-78           14.9825          -35.6461          6.029602          6.276703
     938          16     5.0857237372538e-79          22.07579         -6.953506          7.018799          7.827301
     939          17     4.9888606853473e-79           19.1617          -16.0502          6.249207          6.249207
     939          19     4.9888606853473e-79          18.07381          7.425903          6.631409          6.631409
     939         210     3.1232124281482e-76            23.045          9.158401          6.118607          7.021896
     939         313    4.2622039781368e-101           36.8237          -13.8306           9.35141          9.387299
     939         319    4.2622039781368e-101          36.96939          -34.1071          6.806107          6.806107
     939         320    4.2622039781368e-101          38.85541           -21.728            7.3479            7.3479
     940           8     5.4182242155835e-75           17.3452         -6.282303          6.020294          6.822601
     940           9     5.4182242155835e-75           17.4409          -28.4241          6.808792          7.053604
     940          18     2.6981617896791e-80           16.0266         -3.376694          7.463501          8.340302
     940         299    1.0655509945342e-101           37.8974          -26.5183          6.494598          6.494598
     940         302    1.0655509945342e-101             39.34          -31.2717          7.484894          7.484894
     940         307    1.0655509945342e-101          35.63489          -18.8692          7.073502          7.073502
     940         308    1.0655509945342e-101          35.10419         -21.60631          6.264694          6.264694
     941           8     3.2460020127988e-75           16.2597          -59.0114          6.249496          6.249496
     941          10     1.8060747385278e-75           18.4426          -26.4852          6.513504          6.513504
     941         296    2.6638774863355e-102          41.00969         -22.81509          9.651306          9.651306
     942          20     1.8962891878809e-80          21.11099         -7.221298          7.676895          7.676895
     942          22     1.8962891878809e-80           18.2388         -4.833603          7.974106          8.281006
     942         296     8.9994611466375e-77          15.74471          -77.5233          6.431107          6.620697
     942         323     5.0795852021095e-76            15.817         -45.03461          6.049606          6.359894
     943          10     9.0303736926391e-76          18.78319          -37.7691          7.455994          7.455994
     943         308    1.6649234289597e-103           36.8349         0.1842957          6.265289          6.265289
     943         309    1.6649234289597e-103          37.88449         -30.68211          6.626297          6.626297
     943         310    1.6649234289597e-103           37.9231         -22.02161          6.497787          6.497787
     943         311    1.6649234289597e-103           38.7995         -24.01241          7.837296          7.837296
     943         318     1.2698963005274e-76          18.85869         -9.925003           6.42749           6.42749
     944          16     6.3494815026369e-77           20.1315          8.833115          7.616104          7.616104
     944          17     6.3494815026369e-77          17.23581         -69.88429          6.420105          6.420105
     944         313     3.1747407513184e-77          17.64241         -10.14189          6.884109          6.884109
     945           9     1.6931950673698e-76          18.94569         -26.84171          6.764694            9.2388
     945         304     2.0626016625545e-75           19.1514         -11.35181          6.762497          7.244598
     945         318     7.9368518782961e-78          15.95369           -11.502          6.402496          6.402496
     946          12     8.4659753368492e-77           20.6523          -53.5737          7.815598          7.836395
     947         291     2.1164938342123e-77           19.0751         -4.412704          7.265396          7.265396
     948          10     1.2965712808213e-76           19.8949         -3.567291          7.050705          8.832108
     948         296     4.5760750880477e-75           19.2514          -29.3784          7.211197          7.211197
     948         311     4.7601093292472e-77           16.9942         -26.65689          6.297409          6.842209
     949          10     2.1609521347022e-77          17.63831          5.080109          6.197006          6.699905
     949         206     1.6207141010266e-77          15.94589         -1.587296          6.253204          6.253204
     950         324     1.1680673452794e-75           21.1848          8.709305          6.082199          6.082199
     950         327     1.1680673452794e-75           23.3383         -7.968597          6.534409          6.534409
     951           9     3.1003327649594e-80          15.75601          -52.7682          6.052002          6.052002
     951          19     1.0129463131417e-78          19.29721          2.557495          6.037201          6.938797
     951         324     1.0129463131417e-78          19.30402          -13.2056          6.416504          7.902405
     952          12     6.7529754209444e-79            22.916          6.468292          8.158401           10.2002
     952         309     2.5323657828541e-79          17.34599         -17.62251          6.113998          6.113998
     953          11     3.3764877104722e-79          20.60471        -0.9838104          6.006287          8.935989
     953          13     1.0129467455823e-78          20.80069          -1.05011          8.201691           10.2081
     953          19     1.8742638211337e-78          20.89551         -0.270401          9.091599          10.24869
     953         309     4.6539491834465e-84           31.1463          9.054688          6.063889          6.906693
     954          13     8.4412192761805e-79           20.7466          7.579193          6.091187          7.285995
     954         298     5.0674094861621e-75          18.21869         -52.26801          6.958099          6.958099
     955           8     1.2855599712081e-79           17.0976          -16.6237          6.360199          7.554001
     955           9     2.5517544975081e-79           19.0631         -1.078293          6.234604          8.959305
     955          10     1.2855599712081e-79           18.0842         -9.289597          6.663696          7.792206
     955          18     6.7529754209444e-79           22.9548          9.187302          6.820404          6.820404
     955         312     1.3820196913962e-75           17.5636          3.888504          6.047806          6.047806
     956          11     3.2138999280202e-80              19.7         -32.55211          6.507706          7.906693
     956          17     3.3764993453451e-79           29.0795          8.283005          7.050003          7.050003
     956         312     3.4550492284906e-76           15.7888         -9.511505          6.584305          7.361603
     956         318     3.1671704970667e-76          18.76849          -58.5132          7.235397          7.960892
     956         319     3.1671704970667e-76           18.8022          -17.3618          6.667206          8.988998
     957          11     3.1671704970667e-76          19.71411           -40.248          6.310501          7.329803
     957         301     3.2139290152026e-80           16.6915         -9.642593          6.298706           7.11911
     960          13     2.0405424775157e-79           24.7901          9.355804          6.700302          7.913101
     960          17     2.2857463327167e-76           26.5341          1.209198          7.152893          7.618301
     961          11     7.6621306807246e-77          26.96419          3.156693          6.634399          7.651901
     961          13     5.7143658317917e-77          24.98059          6.258392           6.52359          6.964691
     961         312     1.6841660118491e-74          14.58409          -61.0827          6.100098          6.100098
     962           8      1.441137510038e-77           29.2155          3.760803          7.415695          7.431198
     962           9     1.4411375100451e-77          28.93021         -8.989304          7.566299          7.566299
     962         230     5.7143658317917e-77          26.60901         -5.331894          6.774002            7.4021
     962         317     3.2684660668197e-83           13.3195         -3.265198            6.1633          6.508102
     962         323     1.7753407224451e-89          38.06371          -15.8109          6.006409          8.321899
     963          17     1.0551524095226e-80          27.28331          7.901306          6.907806          8.434799
     964           9     5.4231150837509e-75          16.97101          -18.5172          6.025208          6.729599
     964          19     5.2757620476128e-81           25.5695          7.878906          7.207703          7.207703
     965         200      2.993019797158e-79          28.08101          9.804108          7.358902          7.358902
     965         303     2.7739698788205e-91          39.75571         -18.06639          6.065598          8.958099
     966          13     3.4418387988177e-76          16.42329          -28.5208          7.276398          8.395096
     966          14     6.7879009641264e-76           17.3797          -26.1469          6.253708          8.375793
     966          15     3.4418387988177e-76          15.93961         -30.11569          7.452606          7.526398
     966          16     4.2368086591804e-77           18.8788         -11.47501          6.601303          6.601303
     966         316     1.3036338751544e-74          17.01939          -57.1606          6.266098          6.266098
     967          16     2.1184043295902e-77           23.2598          2.078308          8.772202          8.772202
     967          19     2.1184043295902e-77          21.36571          6.808701          7.628906          7.628906
     967         329     1.0592021647951e-77           18.8125          -23.8056          6.425995          6.425995
     967         335      1.066684714288e-77           19.4753          -21.5209          6.363495          6.363495
     968          16       2.66671178572e-78           21.9397          7.845993           6.76889          7.432098
     968          17       2.66671178572e-78           21.6461         -8.061508          8.339798          8.460297
     968          18       2.66671178572e-78          19.66969          -12.0704          6.997299          6.997299
     968         320     3.5805575459363e-78          17.94659          9.675293          6.030991          6.030991
     968         321     3.5805575459363e-78           18.5941          1.587494          6.519592          6.519592
     968         323     3.5805575459363e-78          17.37459         -25.54781          6.786392          6.786392
     969           9     8.2196223820281e-73            14.942         0.0770874          6.572098          6.572098
     969         332     8.9513938648408e-79           19.3656         -45.97211           6.00589           6.00589
     969         333     8.9513938648408e-79          18.96309         -20.50691          6.260193          6.260193
     969         334     8.9513938648408e-79           19.4516          -25.9935          6.048996          6.881393
     970          16     4.3503089826488e-78          20.61349          5.708389          7.429092          7.429092
     970         219     2.9228708956621e-82          29.20569            -3.028          7.852798          7.852798
     970         325     2.7089549597856e-94          38.28529         -13.52481          6.065186          7.514694
     970         333      2.054905595507e-73          14.38269          -38.5782          6.438889          6.691498
     971         315     5.1416397916882e-74          14.45709         -3.595398          6.384705          6.384705
     971         324     7.3071772391554e-83           29.8299           -2.2603          8.323593          8.323593
     971         325     7.3071772391554e-83           26.8698         -5.376709          6.369995          6.369995
     971         326     7.3071772391554e-83           27.5743         -0.365509          6.221695          6.221695
     972           8     1.6813034052245e-72          19.02321          4.031006          7.074402            7.7966
     972          16     4.3508935568279e-78            22.386            -1.347          6.112396          6.112396
     972          19     4.3510397003727e-78          19.54271          -15.2103          7.712997          7.712997
     972         221     1.8267943097888e-83           33.1188         -6.402496          8.044403          8.044403
     972         320     1.8267943097888e-83           31.6748         -1.702301          7.582703          7.582703
     972         321     1.8267943097888e-83          29.74561         -10.14009           6.41481           6.41481
     973         307     1.8857332933883e-72           16.5899          8.332703          6.116302          6.116302
     973         308     4.5669857744721e-84           33.9808         -1.397888          8.627213          8.627213
     973         310     4.5669857744721e-84          31.86641         -1.797897          9.398102          9.398102
     973         311     4.5669857744721e-84            32.862         -9.332901          7.063309          7.063309
     974         290      1.363957710807e-70          19.77811         -41.03371          6.036896          6.036896
     974         322     7.0431924583449e-72          14.48509          -29.9295          6.111893          6.304398
     974         323     4.9601252624942e-72           19.3907          -45.9521          6.159897          6.159897
     974         324     4.9601252624942e-72          18.21739          -30.2881          6.397507          6.397507
     975         300     1.8600469734262e-72           18.9254         -53.24361          6.066498          6.066498
     975         304     9.6738646982877e-72          16.62079          -22.1841          6.096695          6.096695
     975         309     2.8543661090451e-85           30.4644           -17.754          8.194397          8.194397
     975         310     2.8543661090451e-85           34.2049           -10.834          7.627991          7.627991
     975         311     2.8543661090451e-85          32.44829         -10.34691          6.814697          6.814697
     975         317     2.8543661090451e-85           30.7802          -7.85321          7.749588          7.749588
     976         286      2.952649717414e-72           15.3902         -87.47749          6.040298          6.040298
     976         305     4.6501174335654e-73           17.2598          -68.6888          6.718506          6.718506
     977         288     1.1625293583914e-73          16.87289          -52.8598          6.352203          6.352203
     977         292     9.6738646982877e-72           16.6241          -14.5085          6.283691          6.283691
     978          13     4.8036927594007e-73           23.1541          5.440002          8.153198             10.38
     978         296     1.8600469734262e-72          18.66301         -25.66969          6.412704          6.412704
     978         297     2.8086771972836e-72          16.22771          7.751709          6.096603          6.096603
     978         309     2.9063233959784e-74          16.56891          -40.1992           6.16301           6.16301
     979         298     9.3622573242787e-73          15.75661         -6.526505          6.030502          6.030502
     979         302     1.1149867613457e-87            35.177          2.987503          7.745895          7.745895
     979         312     1.1890548186977e-72           18.1082         -65.75659          6.574997          6.574997
     980           8     3.5765495201001e-72           21.6806          -38.1427          7.650299          8.706711
     980          12      7.433642768069e-74           20.7924         -2.530502          8.598999           9.82991
     980          13     1.3008874843473e-73          19.28311          8.142807           7.50531          8.471512
     980         296     2.7874669033643e-88           33.2681           4.40451          6.066208          6.066208
     980         297     2.7874669033643e-88          35.01701          8.222305          6.763306          6.763306
     980         304     2.9726370467443e-73          21.15341           -39.787          7.562408          7.562408
     980         306     2.9726370467443e-73           18.7856          -26.8073          7.067505          7.616302
     981         301     6.9686672584108e-89          36.15181        -0.7675018            6.5737            6.5737
     981         303     6.9686672584108e-89           34.9612          3.163208          8.237411          8.237411
     981         308     6.9686672584108e-89          32.90401         0.1641998          6.442505          6.442505
     981         310     6.9686672584108e-89          33.15961          5.806198          7.055008          7.055008
     982          11     9.0140318851498e-73           21.2388          -48.4437          6.083908          7.108704
     982         213     1.7421668146027e-89           36.1208            7.6017          9.062302          9.062302
     982         296     1.7421668146027e-89           32.5043         0.5120087          6.240601          6.240601
     982         305     2.4725454638812e-73           14.8891          -28.6364          6.356705          6.356705
     983         308     4.3554170365068e-90          32.28171         -4.089996          6.226395          6.226395
     983         311     4.3554170365068e-90          32.53151         -1.746201          7.502396          7.502396
     984          18     3.7168939002972e-74          20.76999          9.353195          8.527298          8.527298
     984         315     1.0888542591267e-90          33.26289          9.797791          6.737793          6.737793
     984         316     1.0888542591267e-90          31.76579          5.419891          6.725388          6.725388
     985          18     3.7168213840345e-74             25.05          6.724304          11.12431          11.12431
     985          19     5.1107291129087e-74          16.11391          3.660202          6.555908          6.555908
     986         314     6.8053391195418e-92          33.27708          7.975494          7.537399          7.537399
     986         320     6.8053391195418e-92          32.46361          2.076096          8.137405          8.137405
     986         321     6.8053391195418e-92          33.09581          5.124893          7.587799          7.587799
     987         299     5.0632130575778e-73           23.2305         -13.14439          6.264008          8.600204
     987         311     1.7013347798854e-92           33.2775          9.137405          8.734512          8.734512
     988          16     4.6460267300431e-75          20.55881          -21.6205          7.195801          7.195801
     988         206     6.8053391195418e-92          31.56381         -5.849594            6.1465            6.1465
     988         316     4.2533369497136e-93          31.97591          5.713608          7.842911          7.842911
     988         319     4.2533369497136e-93           28.4395            5.4608          6.487808          6.487808
     989         208     1.0633342374284e-93          32.56531          9.150208          7.131104          7.131104
     989         209     1.0633342374284e-93          31.00229          9.350998          6.242905          6.242905
     990         308     4.2533369497136e-93           33.5932         -1.390793          7.105911          7.105911
     991          16     2.3230133650216e-75           26.0616          7.032211          9.283401          9.283401
     991         322     5.9563274215021e-73          16.53941         -6.270599          6.170914          6.170914
     992          19     1.1615066825108e-75           27.5766          4.654602          10.76601          10.76601
     992         307     1.4890818553755e-73          18.40671         -29.48259          7.374603          7.374603
     992         309     1.4890818553755e-73          16.57451         -19.02829           6.84021          7.445801
     993         228     7.2594167656924e-77          21.04781          3.052811          9.014603          9.425797
     993         325     6.6458389839275e-95           36.8506          4.654999          8.557404          8.557404
     993         335     1.3530281650096e-72            17.196          -25.4736          6.021408          6.021408
     994          14     2.2726765900339e-72          16.35561         -8.940598           6.43721           6.43721
     994          20     7.7433778834052e-76          26.18431          6.706207           11.4879           11.4879
     994          22     7.7433778834052e-76          27.06671          8.402313          12.22591          13.00861
     994          23     1.1615066825108e-75           29.1432          8.319702           10.5356           10.5356
     994         339     1.6614597459819e-95          38.78241          9.865402          9.889008          9.889008
     994         340     1.6614597459819e-95          33.89191          3.623703          7.023605          7.046005
     994         348     1.8148541914231e-77           18.5865           -7.3927           6.31221          8.081711
     995          20     1.9358444708513e-76           24.1192          6.776901           10.2413           10.2413
     995          23     1.9358444708513e-76           23.4389          7.207901           10.9731           10.9731
     995         341     1.3099249785148e-72          16.74411          -19.0018           6.13121          6.261505
     995         345     5.6816914750848e-73          16.19611         -17.47029          6.779205          6.968811
     996          15     3.2748124462871e-73           14.3763          -11.1514          6.543991          7.450394
     996          16     9.6792223542566e-77           21.1763           7.94809          8.276703           10.7991
     996          18     9.6792223542566e-77           23.7587          7.618591           10.5322           10.5322
     996         323     3.0067292555769e-73          15.98529          -69.9207          6.468399           6.59169
     997          15     4.8396111771283e-77           19.8559          6.440292          8.410004          8.410004
     997          17     1.0921352795188e-73           16.3607          5.265289          6.599503          6.599503
     999          13     4.9769386816513e-73           16.0201          -55.7681          6.366394          8.451904
     999          15     4.9769386816513e-73          15.02361         -29.43311          6.100998          7.464203
     999         328     1.6225192831854e-98          37.86401          9.736404          7.466095          7.466095
    1000          18     2.1227642873169e-74           15.8793         -1.478806          6.036194          6.098892
    1001          16     5.3069107182922e-75           15.1629        -0.7836914           6.22551           6.22551
    1002         322    2.5351863799772e-100          36.58488          8.187088          7.559586          7.559586
    1003          10     2.5535620845244e-72           17.6281           -8.4879          6.582794          6.582794
    1003          17     6.1027239864452e-74          13.86079          9.237991          6.451904          6.451904
    1005          19     2.0452973928115e-74            14.209         -5.255997          7.025208          7.025208
    1005         334     1.4297866978318e-74           15.5475          -13.7419          6.101807          6.101807
    1006         315     5.5357936400277e-73          16.99879         -12.01559          6.251694          6.367203
    1008         320    6.1894198729913e-104          38.49942         -4.133194          6.570801          6.570801
    1008         322    6.1894198729913e-104           38.6506          1.708908          7.922211          8.094406
    1009           9     3.2212006259456e-72           13.0603         -64.12199          6.077301            6.5383
    1009          10     4.8257822518881e-72          15.09941          -48.2177          6.094711          7.137207
    1009         320     1.1170208576811e-76          14.97481          2.872208          6.060806          6.060806
    1010         292    3.8683874206196e-105          40.45569          5.395493          6.813095          6.813095
    1010         293    3.8683874206196e-105          40.20999          9.759293          7.520996          7.520996
    1010         295    3.8683874206196e-105            40.854          3.102188          9.579498          9.579498
    1011         312     2.5439717995467e-72           17.8062         -29.82629          8.242004          8.642609
    1011         313     2.5439717995467e-72           15.8288         -24.20419          6.068008          6.068008
    1011         315     2.5439717995467e-72          17.33731          -25.5764          8.276505          8.276505
    1012         286     2.2547995727955e-72           19.3558          -93.4245          6.041412           6.30191
    1012         309     6.3599294988668e-73           16.6013          -61.6911          6.205002          6.205002
