#Res        AtomicFlx
   1.000      24.3949
   2.000      23.0862
   3.000      21.5259
   4.000      19.8297
   5.000      18.6407
   6.000      17.2334
   7.000      16.2989
   8.000      15.0639
   9.000      13.6820
  10.000      11.7616
  11.000       9.7534
  12.000       7.5588
  13.000       5.6318
  14.000       4.1238
  15.000       2.8967
  16.000       1.9479
  17.000       1.6498
  18.000       1.5682
  19.000       1.4221
  20.000       1.2528
  21.000       1.1943
  22.000       1.0301
  23.000       0.9780
  24.000       0.8635
  25.000       0.9331
  26.000       1.0119
  27.000       1.2432
  28.000       1.8725
  29.000       2.8774
  30.000       4.2426
  31.000       4.1369
  32.000       2.8323
  33.000       3.4100
  34.000       4.2276
  35.000       3.3927
  36.000       3.2630
  37.000       2.9660
  38.000       2.5779
  39.000       2.3157
  40.000       1.6907
  41.000       1.5092
  42.000       1.5425
  43.000       1.6086
  44.000       1.6308
  45.000       1.7360
  46.000       1.9287
  47.000       1.8469
  48.000       1.6147
  49.000       1.5374
  50.000       1.4542
  51.000       1.5196
  52.000       1.5777
  53.000       1.9162
  54.000       2.2123
  55.000       3.4202
  56.000       4.7234
  57.000       6.3297
  58.000       6.0670
  59.000       6.1857
  60.000       5.1170
  61.000       3.7962
  62.000       2.6059
  63.000       1.9488
  64.000       1.6612
  65.000       1.6263
  66.000       1.5129
  67.000       1.5229
  68.000       1.4494
  69.000       1.4190
  70.000       1.2532
  71.000       1.1926
  72.000       1.0402
  73.000       1.0826
  74.000       1.2053
  75.000       1.3870
  76.000       1.0808
  77.000       0.9778
  78.000       0.9073
  79.000       1.0354
  80.000       1.0811
  81.000       0.9988
  82.000       1.0402
  83.000       1.2093
  84.000       1.2675
  85.000       1.1997
  86.000       1.1820
  87.000       1.3505
  88.000       1.4839
  89.000       1.4050
  90.000       1.4413
  91.000       1.6014
  92.000       1.6337
  93.000       1.5958
  94.000       1.7234
  95.000       1.8943
  96.000       1.9251
  97.000       1.8062
  98.000       1.5171
  99.000       1.2722
 100.000       1.1196
 101.000       0.8920
 102.000       0.8347
 103.000       0.7206
 104.000       0.7746
 105.000       0.7574
 106.000       0.7889
 107.000       0.8982
 108.000       1.0904
 109.000       0.7980
 110.000       0.8083
 111.000       0.7752
 112.000       0.7126
 113.000       0.6969
 114.000       0.6881
 115.000       0.7314
 116.000       0.7919
 117.000       0.8651
 118.000       1.0441
 119.000       1.2942
 120.000       1.4574
 121.000       1.7981
 122.000       2.1810
 123.000       2.0698
 124.000       1.9058
 125.000       1.6741
 126.000       1.5904
 127.000       1.3999
 128.000       1.4352
 129.000       1.4023
 130.000       1.2202
 131.000       1.0981
 132.000       0.9560
 133.000       0.8964
 134.000       0.8306
 135.000       0.8571
 136.000       0.9077
 137.000       1.0232
 138.000       1.0841
 139.000       1.1483
 140.000       1.3049
 141.000       1.3920
 142.000       1.4178
 143.000       1.4381
 144.000       1.5485
 145.000       1.6584
 146.000       1.7437
 147.000       1.8222
 148.000       1.9913
 149.000       2.2363
 150.000       2.2937
 151.000       2.2996
 152.000       2.2133
 153.000       2.0363
 154.000       1.8277
 155.000       1.6707
 156.000       1.4926
 157.000       1.3619
 158.000       1.2145
 159.000       1.0605
 160.000       1.0260
 161.000       0.9534
 162.000       0.8612
 163.000       0.8246
 164.000       1.0611
 165.000       1.1468
 166.000       1.1744
 167.000       1.0461
 168.000       1.0705
 169.000       1.0424
 170.000       1.1658
 171.000       1.1098
 172.000       1.3985
 173.000       1.8356
 174.000       2.4170
 175.000       2.6749
 176.000       2.2125
 177.000       2.3533
 178.000       3.0301
 179.000       3.3281
 180.000       2.5195
 181.000       1.9420
 182.000       1.4890
 183.000       1.5545
 184.000       1.6451
 185.000       1.8168
 186.000       2.0999
 187.000       2.3478
 188.000       2.8775
 189.000       2.9431
 190.000       2.5828
 191.000       2.4972
 192.000       2.1049
 193.000       1.9462
 194.000       1.7221
 195.000       1.6843
 196.000       1.5722
 197.000       1.6374
 198.000       1.7703
 199.000       1.7299
 200.000       1.7276
 201.000       1.5910
 202.000       1.4298
 203.000       1.5660
 204.000       1.5875
 205.000       2.0611
 206.000       1.6907
 207.000       1.7057
 208.000       1.7618
 209.000       1.5149
 210.000       1.3246
 211.000       1.2489
 212.000       1.2617
 213.000       1.1581
 214.000       1.0294
 215.000       1.1184
 216.000       1.1511
 217.000       1.0415
 218.000       1.0595
 219.000       1.1819
 220.000       1.1349
 221.000       1.0552
 222.000       1.2134
 223.000       1.3286
 224.000       1.2212
 225.000       1.2637
 226.000       1.5141
 227.000       1.5395
 228.000       1.3779
 229.000       1.7816
 230.000       1.4215
 231.000       1.2147
 232.000       1.4574
 233.000       1.1583
 234.000       0.8845
 235.000       0.7689
 236.000       0.7067
 237.000       0.6746
 238.000       0.8355
 239.000       0.8653
 240.000       1.0302
 241.000       1.1780
 242.000       1.3599
 243.000       1.5270
 244.000       1.7322
 245.000       1.9478
 246.000       2.2715
 247.000       2.8139
 248.000       2.9055
 249.000       3.4967
 250.000       4.2640
 251.000       4.2799
 252.000       3.4278
 253.000       2.9974
 254.000       2.8286
 255.000       2.3776
 256.000       2.1322
 257.000       1.9444
 258.000       1.7968
 259.000       1.5351
 260.000       1.3594
 261.000       1.1428
 262.000       0.9746
 263.000       0.7990
 264.000       0.7063
 265.000       0.6099
 266.000       0.6325
 267.000       0.6988
 268.000       0.8256
 269.000       1.1471
 270.000       1.4898
 271.000       2.2467
 272.000       3.4447
 273.000       4.4653
 274.000       5.5980
 275.000       7.5387
 276.000       9.2473
 277.000      10.5275
 278.000       9.6750
 279.000       7.9206
 280.000       7.4773
 281.000       6.1687
 282.000       5.3675
 283.000       4.5020
 284.000       3.6465
 285.000       3.8965
 286.000       3.5776
 287.000       2.5275
 288.000       1.6278
 289.000       1.0968
 290.000       1.0900
 291.000       0.9806
 292.000       0.9605
 293.000       1.1308
 294.000       1.1863
 295.000       1.1619
 296.000       1.2791
 297.000       1.4212
 298.000       1.4138
 299.000       1.4394
 300.000       1.6043
 301.000       1.7259
 302.000       1.7353
 303.000       1.8174
 304.000       2.0603
 305.000       2.2020
 306.000       2.2473
 307.000       2.6421
 308.000       2.0958
 309.000       1.7143
 310.000       1.5167
 311.000       1.4102
 312.000       1.4420
 313.000       1.3655
 314.000       1.1782
 315.000       1.1424
 316.000       1.0629
 317.000       1.1858
 318.000       1.2563
 319.000       1.2083
 320.000       1.1931
 321.000       1.3873
 322.000       1.4496
 323.000       1.3319
 324.000       1.4514
 325.000       1.7059
 326.000       1.7046
 327.000       1.7812
 328.000       1.5878
 329.000       1.4774
 330.000       1.3153
 331.000       1.0797
 332.000       0.9794
 333.000       0.8291
 334.000       0.8433
 335.000       0.7903
 336.000       0.8663
 337.000       1.0738
 338.000       1.3009
 339.000       1.3911
 340.000       1.6636
 341.000       1.6065
 342.000       1.3044
 343.000       1.3380
 344.000       1.3242
 345.000       1.1403
 346.000       1.0993
 347.000       1.2489
 348.000       1.1781
 349.000       1.0513
 350.000       1.1697
 351.000       1.2884
 352.000       1.1871
 353.000       1.1895
 354.000       1.3834
 355.000       1.4469
 356.000       1.3759
 357.000       1.5012
 358.000       1.6767
 359.000       1.6097
 360.000       1.7793
 361.000       1.7346
 362.000       2.3717
 363.000       3.4990
 364.000       5.0641
 365.000       6.5042
 366.000       8.1038
 367.000       9.7817
 368.000      11.9998
