#Frame            adp
       1       0.7390
       2       0.7137
       3       0.8272
       4       0.8501
       5       0.9113
       6       0.9014
       7       0.9079
       8       0.9126
       9       0.8767
      10       0.9112
      11       0.8889
      12       0.8797
      13       0.9381
      14       0.8158
      15       0.9470
      16       0.8976
      17       0.9171
      18       0.9638
      19       0.9069
      20       0.9085
      21       0.9917
      22       0.8578
      23       0.8933
      24       0.9091
      25       0.9107
      26       0.9959
      27       0.9048
      28       0.8394
      29       0.7841
      30       0.8300
      31       0.9047
      32       0.8896
      33       0.8996
      34       0.9162
      35       0.8970
      36       0.9259
      37       0.8545
      38       0.8393
      39       0.8613
      40       0.8963
      41       0.8474
      42       0.8733
      43       0.8613
      44       0.8699
      45       0.8602
      46       0.8382
      47       0.8603
      48       0.8557
      49       0.9886
      50       0.8847
      51       0.9272
      52       0.8242
      53       0.9029
      54       0.9719
      55       0.8973
      56       0.8749
      57       0.8686
      58       0.9127
      59       0.9544
      60       0.9388
      61       0.8263
      62       0.7592
      63       0.9352
      64       0.8634
      65       0.9511
      66       0.8761
      67       0.8198
      68       0.8659
      69       0.7682
      70       0.9580
      71       0.8753
      72       0.8230
      73       0.9865
      74       0.9865
      75       0.8380
      76       0.7567
      77       0.9124
      78       0.8597
      79       0.9240
      80       0.8778
      81       0.8935
      82       0.8582
      83       0.8690
      84       0.8742
      85       0.9294
      86       0.9338
      87       0.8521
      88       0.8788
      89       0.8374
      90       0.9176
      91       0.8209
      92       0.8342
      93       0.8465
      94       0.8773
      95       0.8542
      96       0.9778
      97       0.8660
      98       0.8879
      99       0.8874
     100       0.9530
     101       0.9537
     102       0.8891
     103       0.8010
     104       0.9605
     105       1.0758
     106       1.3588
     107       1.9145
     108       1.9199
     109       1.8338
     110       1.9307
     111       1.9211
     112       1.9448
     113       1.7360
     114       1.9421
     115       1.9354
     116       1.6525
     117       1.7227
     118       1.7726
     119       1.5812
     120       1.8948
     121       1.9108
     122       1.6112
     123       1.7991
     124       1.9696
     125       1.8616
     126       1.7052
     127       1.8145
     128       1.9200
     129       1.9417
     130       2.0278
     131       2.0198
     132       1.8843
     133       1.8283
     134       2.0065
     135       2.0825
     136       1.8815
     137       1.9214
     138       1.3056
     139       1.4793
     140       1.5918
     141       2.0198
     142       1.9024
     143       1.9815
     144       1.8650
     145       1.3509
     146       2.0011
     147       1.7748
     148       1.8641
     149       1.8860
     150       1.9203
     151       1.5610
     152       1.5685
     153       1.9907
     154       1.7519
     155       1.3387
     156       1.6482
     157       1.2911
     158       1.3561
     159       1.1595
     160       0.9858
     161       1.2469
     162       1.6480
     163       1.6871
     164       1.7960
     165       1.8290
     166       1.3036
     167       1.2813
     168       1.4872
     169       1.0643
     170       1.0997
     171       1.0758
     172       1.4674
     173       1.0940
     174       1.3952
     175       1.2940
     176       1.8159
     177       1.1484
     178       0.9571
     179       1.2700
     180       1.6861
     181       1.7911
     182       1.6453
     183       1.7989
     184       1.9590
     185       1.9116
     186       1.6908
     187       1.7765
     188       1.8304
     189       1.8975
     190       1.4793
     191       1.6678
     192       1.8991
     193       1.6855
     194       1.6048
     195       1.5275
     196       1.7636
     197       1.8160
     198       1.6333
     199       1.9522
     200       1.7990
     201       1.8158
     202       1.9020
     203       1.6501
     204       1.9833
     205       1.7916
     206       1.8160
     207       1.6577
     208       1.8461
     209       1.8284
     210       1.8033
     211       1.8552
     212       1.7573
     213       1.5848
     214       1.8120
     215       1.7763
     216       1.7246
     217       1.7704
     218       1.7840
     219       1.3846
     220       1.3058
     221       1.6416
     222       1.6440
     223       2.1778
     224       2.1308
     225       1.7970
     226       1.8533
     227       2.0633
     228       2.1924
     229       1.4646
     230       1.5186
     231       2.2485
     232       1.9577
     233       2.1946
     234       2.4132
     235       2.3776
     236       2.2386
     237       1.8393
     238       2.1411
     239       2.2025
     240       2.1087
     241       1.9377
     242       1.4419
     243       1.8796
     244       2.0194
     245       1.7702
     246       1.6830
     247       2.2459
     248       1.9213
     249       1.7024
     250       1.7075
     251       1.9597
     252       1.8997
     253       1.6612
     254       1.9496
     255       2.0375
     256       1.8861
     257       1.7968
     258       1.7059
     259       1.9658
     260       1.6993
     261       2.0303
     262       2.0394
     263       1.5146
     264       1.7932
     265       1.7832
     266       2.0108
     267       1.8037
     268       1.7513
     269       1.6483
     270       1.7432
     271       1.7841
     272       1.8902
     273       1.7395
     274       2.0884
     275       1.8898
     276       1.5475
     277       1.2466
     278       1.3033
     279       1.6416
     280       1.9474
     281       2.0651
     282       2.0349
     283       1.8773
     284       1.7647
     285       1.7007
     286       1.9247
     287       1.5472
     288       1.6789
     289       1.2758
     290       1.5862
     291       1.3949
     292       1.4256
     293       2.1618
     294       2.0287
     295       2.1164
     296       2.0628
     297       2.2131
     298       2.1248
     299       2.0028
     300       1.5518
     301       1.4251
     302       2.0602
     303       1.5504
     304       1.7555
     305       1.2167
     306       1.3010
     307       1.6444
     308       1.5437
     309       1.4787
     310       1.4729
     311       1.6139
     312       1.3935
     313       1.5089
     314       1.3408
     315       1.2811
     316       1.1990
     317       1.1115
     318       1.2986
     319       1.3395
     320       1.2378
     321       1.2307
     322       1.1678
     323       1.2130
     324       1.1865
     325       1.0476
     326       1.1688
     327       1.1752
     328       1.1724
     329       1.2199
     330       1.2366
     331       1.4948
     332       1.0517
     333       1.3331
     334       1.1644
     335       1.3124
     336       1.0901
     337       1.3444
     338       1.1838
     339       1.2487
     340       1.3066
     341       1.4110
     342       1.6836
     343       1.1488
     344       1.5253
     345       1.4582
     346       1.6143
     347       1.6453
     348       1.3907
     349       1.5126
     350       1.5136
     351       1.5713
     352       1.4779
     353       2.1107
     354       2.1155
     355       1.9713
     356       2.2132
     357       2.1640
     358       1.8271
     359       1.8071
     360       2.2063
     361       1.9483
     362       1.9204
     363       1.5106
     364       1.8340
     365       1.6138
     366       1.4975
     367       1.9043
     368       1.9170
     369       1.9766
     370       1.8428
     371       2.0655
     372       1.7378
     373       1.3650
     374       1.9487
     375       1.8920
     376       1.7044
     377       1.8962
     378       1.8297
     379       1.9909
     380       1.9998
     381       1.8752
     382       1.7073
     383       1.5170
     384       1.5204
     385       1.9300
     386       1.9691
     387       1.8563
     388       1.5373
     389       1.0796
     390       1.2227
     391       1.1089
     392       0.8491
     393       1.3405
     394       1.2267
     395       1.2723
     396       1.3132
     397       1.0310
     398       0.9022
     399       1.1542
     400       1.3807
     401       1.1522
     402       1.1508
     403       1.1946
     404       1.3142
     405       1.3099
     406       1.2854
     407       1.2561
     408       1.1294
     409       1.1601
     410       1.3467
     411       1.2943
     412       1.1056
     413       1.3035
     414       1.3312
     415       1.3852
     416       1.4050
     417       1.3660
     418       1.3263
     419       1.3108
     420       1.4357
     421       1.3691
     422       1.5621
     423       1.4973
     424       1.6435
     425       1.0823
     426       1.4679
     427       1.7198
     428       2.0426
     429       1.5018
     430       1.7856
     431       1.6712
     432       1.5426
     433       1.5153
     434       1.2716
     435       1.6057
     436       1.3667
     437       1.4819
     438       1.4647
     439       1.3203
     440       1.3453
     441       1.3125
     442       1.4083
     443       1.2984
     444       1.5798
     445       1.4019
     446       1.5652
     447       1.3053
     448       1.5212
     449       1.3556
     450       1.2577
     451       1.2549
     452       1.4040
     453       1.1387
     454       1.1197
     455       1.0608
     456       1.5725
     457       1.2377
     458       1.4386
     459       1.4759
     460       1.2453
     461       1.2855
     462       1.4437
     463       1.6337
     464       1.2724
     465       1.5962
     466       1.2726
     467       1.8669
     468       1.7069
     469       1.7564
     470       2.0417
     471       2.2042
     472       2.1394
     473       1.6101
     474       1.9593
     475       2.2732
     476       2.0572
     477       2.2766
     478       1.4764
     479       1.6289
     480       1.6691
     481       1.7331
     482       1.6275
     483       1.8922
     484       1.3076
     485       1.4700
     486       1.3525
     487       1.3377
     488       1.5541
     489       1.8039
     490       1.9005
     491       1.7017
     492       1.3881
     493       1.7773
     494       1.9701
     495       1.6990
     496       1.6498
     497       1.2714
     498       1.1667
     499       1.3947
     500       1.5817
     501       1.5158
     502       1.3299
     503       1.4536
     504       1.5021
     505       1.6101
     506       1.3930
     507       1.3647
     508       1.5752
     509       1.4035
     510       1.7732
     511       1.6756
     512       1.9877
     513       1.8604
     514       1.7340
     515       1.7367
     516       1.5106
     517       1.4148
     518       1.7602
     519       1.9395
     520       1.9155
     521       1.6743
     522       1.6584
     523       1.7068
     524       1.2893
     525       1.5567
     526       1.3916
     527       1.3670
     528       0.9169
     529       1.1639
     530       1.4179
     531       1.6983
     532       1.3301
     533       1.3434
     534       1.9358
     535       1.5166
     536       1.4426
     537       1.4508
     538       1.1046
     539       1.2940
     540       1.3950
     541       1.1745
     542       1.2979
     543       1.2122
     544       1.7044
     545       1.1301
     546       1.4480
     547       1.4341
     548       1.3484
     549       1.5485
     550       1.3561
     551       1.3074
     552       1.2726
     553       1.5264
     554       1.4981
     555       1.2640
     556       1.5410
     557       1.2604
     558       1.3236
     559       1.4616
     560       1.5761
     561       1.1015
     562       1.2665
     563       1.5061
     564       1.2936
     565       1.2448
     566       1.0323
     567       1.4396
     568       1.2512
     569       1.2385
     570       1.2222
     571       1.2067
     572       1.3666
     573       1.5003
     574       1.7742
     575       1.7712
     576       1.4004
     577       1.0639
     578       1.3418
     579       1.4433
     580       1.3657
     581       1.2085
     582       1.0003
     583       1.3775
     584       1.0797
     585       1.0448
     586       1.4545
     587       1.1938
     588       1.4342
     589       1.3533
     590       1.3106
     591       1.3146
     592       1.2877
     593       1.3451
     594       1.4771
     595       1.1780
     596       1.3829
     597       2.1132
     598       1.3798
     599       1.5059
     600       1.6370
     601       1.5141
     602       1.8063
     603       1.8517
     604       1.7989
     605       1.9624
     606       1.7603
     607       1.9335
     608       2.1260
     609       1.7213
     610       1.8325
     611       1.7251
     612       1.8561
     613       2.0186
     614       1.7861
     615       1.9792
     616       1.7945
     617       1.7096
     618       1.7106
     619       1.8266
     620       2.2232
     621       1.8232
     622       2.0837
     623       1.7340
     624       1.6999
     625       1.6647
     626       1.6828
     627       1.9326
     628       1.9280
     629       2.2681
     630       2.1111
     631       2.3125
     632       2.1708
     633       1.8926
     634       2.1583
     635       1.9247
     636       1.9375
     637       1.7675
     638       1.9785
     639       1.8624
     640       2.0098
     641       2.0695
     642       2.0145
     643       2.0673
     644       2.2548
     645       2.1088
     646       1.8370
     647       1.8796
     648       1.8797
     649       1.8910
     650       2.1221
     651       1.9328
     652       2.1641
     653       2.1431
     654       2.3202
     655       2.2089
     656       2.3075
     657       1.9310
     658       1.9161
     659       2.0653
     660       1.9896
     661       2.1994
     662       2.3350
     663       1.9901
     664       1.9618
     665       2.1730
     666       1.9131
     667       2.0870
     668       2.3481
     669       2.3869
     670       2.2522
     671       1.8676
     672       2.4633
     673       1.7458
     674       1.7592
     675       1.8278
     676       1.3367
     677       1.7381
     678       1.7987
     679       1.3399
     680       1.4111
     681       1.6794
     682       1.3853
     683       1.7092
     684       1.3097
     685       1.2827
     686       1.0582
     687       1.2796
     688       1.5296
     689       1.1819
     690       1.3094
     691       1.1444
     692       1.3418
     693       1.2949
     694       1.7654
     695       1.2932
     696       1.5608
     697       1.2690
     698       2.0751
     699       1.8383
     700       2.0921
     701       2.2414
     702       2.0727
     703       1.6438
     704       1.9504
     705       1.8981
     706       1.8938
     707       2.0334
     708       2.3032
     709       2.2784
     710       2.1041
     711       2.4644
     712       2.5346
     713       2.5882
     714       2.3221
     715       2.1232
     716       2.1308
     717       2.2187
     718       2.2915
     719       2.0654
     720       1.8317
     721       2.1538
     722       2.1094
     723       2.5941
     724       1.9998
     725       2.0772
     726       1.8896
     727       2.7448
     728       2.3615
     729       2.2438
     730       2.1143
     731       2.1136
     732       1.9947
     733       2.2554
     734       2.1604
     735       2.7469
     736       2.1849
     737       2.3070
     738       2.0383
     739       2.1495
     740       1.3405
     741       1.8813
     742       1.5741
     743       1.3900
     744       1.6522
     745       2.1085
     746       2.0980
     747       2.3909
     748       2.0071
     749       2.4273
     750       2.2348
     751       2.0058
     752       2.1516
     753       2.2921
     754       2.3552
     755       1.8181
     756       1.9162
     757       2.3154
     758       2.1133
     759       1.9395
     760       2.0179
     761       2.0482
     762       1.6374
     763       1.5960
     764       1.6507
     765       1.7957
     766       1.7884
     767       1.3448
     768       1.7266
     769       2.0954
     770       1.7165
     771       1.9541
     772       1.9079
     773       2.2332
     774       2.0883
     775       2.1133
     776       1.4029
     777       1.6192
     778       1.4403
     779       1.2152
     780       1.1105
     781       1.4651
     782       1.5140
     783       1.4268
     784       1.6292
     785       1.3398
     786       1.8599
     787       1.5568
     788       1.4854
     789       1.5649
     790       1.3751
     791       1.2855
     792       1.5916
     793       1.3944
     794       1.5460
     795       1.4643
     796       1.7950
     797       1.4870
     798       1.6630
     799       1.3920
     800       1.4976
     801       1.3693
     802       1.3038
     803       1.4577
     804       1.2965
     805       0.9552
     806       1.2579
     807       1.1624
     808       1.6278
     809       1.7040
     810       1.9138
     811       2.0339
     812       2.0197
     813       2.2459
     814       1.8411
     815       1.7750
     816       1.9134
     817       1.7121
     818       1.7181
     819       2.0392
     820       2.2536
     821       1.9516
     822       2.1206
     823       1.8999
     824       1.7851
     825       1.8553
     826       1.9581
     827       1.9626
     828       2.0617
     829       2.1976
     830       1.9626
     831       2.1116
     832       1.9292
     833       2.3999
     834       2.0850
     835       2.2070
     836       2.0864
     837       2.2563
     838       1.6242
     839       2.1567
     840       2.0425
     841       2.4085
     842       2.1204
     843       1.9510
     844       2.2262
     845       2.1402
     846       1.9196
     847       1.9291
     848       1.9799
     849       1.7629
     850       1.5535
     851       1.6935
     852       1.7557
     853       1.9637
     854       1.5902
     855       1.5088
     856       1.8766
     857       1.7725
     858       2.0898
     859       2.2538
     860       2.2063
     861       2.0371
     862       2.1419
     863       2.1895
     864       2.1139
     865       1.8907
     866       2.1114
     867       2.0487
     868       2.0476
     869       2.0152
     870       0.9814
     871       1.0228
     872       1.2478
     873       1.3526
     874       1.2569
     875       1.3465
     876       1.2675
     877       1.1994
     878       1.3804
     879       1.4831
     880       1.5573
     881       1.3856
     882       1.3173
     883       1.3415
     884       1.3962
     885       1.6487
     886       1.8629
     887       1.6633
     888       1.7087
     889       1.7464
     890       1.4612
     891       1.5152
     892       1.3344
     893       1.3355
     894       1.5614
     895       1.3094
     896       1.3298
     897       1.1847
     898       1.5457
     899       1.5347
     900       1.1338
     901       1.6747
     902       1.4123
     903       0.9701
     904       1.3318
     905       1.4220
     906       1.7076
     907       1.4773
     908       1.6062
     909       1.3677
     910       1.3747
     911       1.3020
     912       1.3198
     913       1.5606
     914       1.4507
     915       1.4313
     916       1.4434
     917       1.4952
     918       1.9204
     919       1.4536
     920       1.3251
     921       1.4501
     922       1.6753
     923       1.3400
     924       1.1784
     925       1.5712
     926       1.7657
     927       1.8965
     928       2.0326
     929       1.4723
     930       1.3979
     931       1.5495
     932       1.6692
     933       1.5617
     934       1.5598
     935       1.4451
     936       1.1302
     937       1.7987
     938       1.7454
     939       1.7448
     940       1.6518
     941       1.3357
     942       1.3430
     943       1.3434
     944       1.3588
     945       1.1972
     946       1.3119
     947       1.7391
     948       1.6887
     949       1.5031
     950       1.6753
     951       1.5753
     952       1.6117
     953       1.8287
     954       1.4075
     955       1.6299
     956       1.4095
     957       1.4155
     958       1.0873
     959       1.2986
     960       1.2458
     961       1.5268
     962       1.2959
     963       1.2652
     964       1.2886
     965       1.3620
     966       1.2863
     967       1.3414
     968       1.5039
     969       1.2886
     970       1.3374
     971       1.4632
     972       1.4585
     973       1.0959
     974       1.0932
     975       1.4539
     976       1.3747
     977       1.3955
     978       1.4448
     979       1.3565
     980       1.2370
     981       1.3017
     982       1.7144
     983       1.8610
     984       1.4171
     985       1.3565
     986       1.3373
     987       1.1497
     988       1.5489
     989       1.5426
     990       1.5611
     991       1.2299
     992       1.3583
     993       1.2426
     994       1.3414
     995       1.4785
     996       1.4025
     997       1.3815
     998       1.4741
     999       1.5047
    1000       1.6302
    1001       1.2432
    1002       1.6209
    1003       1.4779
    1004       1.5731
    1005       1.3908
    1006       1.3318
    1007       1.2986
    1008       1.5203
    1009       1.4611
    1010       1.3900
    1011       1.3277
    1012       1.2550
    1013       1.3668
    1014       1.4753
    1015       1.4834
    1016       1.3899
    1017       1.1821
    1018       1.5419
    1019       1.3465
    1020       1.2946
    1021       1.7387
    1022       1.7087
    1023       1.4400
    1024       1.1121
    1025       1.2864
    1026       1.3135
    1027       1.1825
    1028       1.3116
    1029       1.3599
    1030       1.5068
    1031       1.3738
    1032       1.0798
    1033       1.0842
    1034       1.4868
    1035       1.1475
    1036       1.2048
    1037       1.3377
    1038       1.2253
    1039       1.3894
    1040       1.6328
    1041       1.2963
    1042       1.4571
    1043       1.3919
    1044       1.4744
    1045       1.3226
    1046       1.5887
    1047       1.3845
    1048       1.1494
    1049       1.2889
    1050       1.3722
    1051       1.2538
    1052       1.0390
    1053       1.3860
    1054       1.2237
    1055       0.9952
    1056       1.1346
    1057       1.6692
    1058       1.5066
    1059       1.5582
    1060       1.4539
    1061       1.4902
    1062       1.3852
    1063       1.2852
    1064       1.4919
    1065       1.1908
    1066       1.3182
    1067       1.5999
    1068       1.3860
    1069       1.1962
    1070       1.3815
    1071       1.3283
    1072       1.3616
    1073       1.0256
    1074       1.1971
    1075       1.4196
    1076       0.8995
    1077       1.3538
    1078       1.1693
    1079       1.0764
    1080       1.3036
    1081       1.3546
    1082       1.4718
    1083       1.6119
    1084       1.4524
    1085       1.4902
    1086       1.2556
    1087       1.2850
    1088       1.5282
    1089       1.8225
    1090       2.0221
    1091       1.7158
    1092       1.6758
    1093       1.8548
    1094       1.7499
    1095       2.0465
    1096       2.0311
    1097       2.1977
    1098       1.7996
    1099       1.6715
    1100       1.5954
    1101       1.7011
    1102       1.4080
    1103       1.5099
    1104       1.5748
    1105       1.9473
    1106       1.8739
    1107       1.7391
    1108       1.8500
    1109       1.7216
    1110       1.8483
    1111       1.4311
    1112       1.9879
    1113       1.6926
    1114       1.5878
    1115       1.6394
    1116       1.4523
    1117       1.6901
    1118       1.0842
    1119       1.5236
    1120       1.1550
    1121       1.5543
    1122       1.3144
    1123       1.5423
    1124       1.4985
    1125       1.7624
    1126       1.6604
    1127       1.4912
    1128       1.5082
    1129       1.4947
    1130       1.5643
    1131       1.4367
    1132       1.4898
    1133       1.5910
    1134       1.9185
    1135       1.6229
    1136       1.5877
    1137       1.7239
    1138       1.7028
    1139       1.4863
    1140       1.2965
    1141       1.6116
    1142       1.5869
    1143       1.1238
    1144       1.9042
    1145       1.5102
    1146       1.5801
    1147       1.8187
    1148       1.9757
    1149       1.9579
    1150       1.6185
    1151       1.6087
    1152       1.8540
    1153       1.6526
    1154       1.4827
    1155       1.8357
    1156       1.5667
    1157       1.5397
    1158       1.4032
    1159       1.9289
    1160       1.7115
    1161       1.8166
    1162       1.7162
    1163       1.6595
    1164       1.7702
    1165       2.0413
    1166       1.3616
    1167       1.6284
    1168       1.7940
    1169       1.7518
    1170       1.6724
    1171       1.9002
    1172       1.7909
    1173       2.0705
    1174       1.5438
    1175       1.5478
    1176       1.7433
    1177       1.7574
    1178       1.6679
    1179       1.5141
    1180       1.5983
    1181       1.4321
    1182       1.4795
    1183       1.6633
    1184       1.6337
    1185       1.6988
    1186       1.5502
    1187       1.5268
    1188       1.7514
    1189       1.6575
    1190       1.6785
    1191       1.7114
    1192       1.3481
    1193       1.4294
    1194       1.3478
    1195       1.2311
    1196       1.4895
    1197       1.0689
    1198       1.4232
    1199       1.4113
    1200       1.2596
    1201       1.5591
    1202       1.2190
    1203       1.2329
    1204       1.7684
    1205       1.6105
    1206       1.5364
    1207       1.8315
    1208       1.4140
    1209       1.2906
    1210       1.3838
    1211       1.4273
    1212       1.4537
    1213       1.7279
    1214       1.5251
    1215       1.7741
    1216       1.7536
    1217       1.4753
    1218       1.4925
    1219       1.5785
    1220       1.6354
    1221       1.6697
    1222       1.6853
    1223       2.0400
    1224       1.4643
    1225       1.9464
    1226       1.7343
    1227       1.8294
    1228       1.6427
    1229       1.4734
    1230       1.6490
    1231       1.5106
    1232       1.4280
    1233       1.6977
    1234       1.3513
    1235       1.3205
    1236       1.5348
    1237       1.7617
    1238       1.4258
    1239       1.3265
    1240       1.5832
    1241       1.7191
    1242       1.2864
    1243       1.2768
    1244       1.3785
    1245       1.4184
    1246       1.4797
    1247       1.1622
    1248       1.0169
    1249       1.1198
    1250       1.3316
    1251       1.4912
    1252       1.3589
    1253       1.4577
    1254       1.1473
    1255       1.1837
    1256       1.2711
    1257       1.2242
    1258       1.4192
    1259       1.2665
    1260       1.3179
    1261       1.3100
    1262       1.2942
    1263       1.2815
    1264       0.9943
    1265       1.3207
    1266       1.3888
    1267       1.4030
    1268       1.6790
    1269       1.3817
    1270       1.5898
    1271       1.5914
    1272       1.8229
    1273       1.9578
    1274       1.7762
    1275       1.5860
    1276       1.6604
    1277       1.7328
    1278       1.8247
    1279       1.8165
    1280       1.5525
    1281       1.7699
    1282       1.9033
    1283       1.7257
    1284       1.8880
    1285       1.7837
    1286       1.5877
    1287       1.4963
    1288       1.8709
    1289       1.9274
    1290       2.1386
    1291       1.7598
    1292       1.6697
    1293       1.7891
    1294       1.6359
    1295       1.3364
    1296       1.6028
    1297       1.4761
    1298       1.7130
    1299       1.5758
    1300       1.3788
    1301       1.2445
    1302       1.6630
    1303       1.6384
    1304       1.4683
    1305       1.3103
    1306       1.4587
    1307       1.4869
    1308       1.5456
    1309       1.4919
    1310       1.5540
    1311       1.5532
    1312       1.4553
    1313       2.0451
    1314       1.1571
    1315       1.3898
    1316       1.1749
    1317       0.9436
    1318       1.3858
    1319       1.0605
    1320       1.4509
    1321       1.4986
    1322       1.4731
    1323       1.3993
    1324       1.3952
    1325       1.1821
    1326       1.5299
    1327       1.4937
    1328       1.1122
    1329       1.1453
    1330       1.4162
    1331       1.1574
    1332       0.9340
    1333       1.4628
    1334       1.4849
    1335       1.1347
    1336       1.3287
    1337       1.4730
    1338       1.4699
    1339       1.2154
    1340       1.7657
    1341       1.6549
    1342       1.3849
    1343       1.3870
    1344       1.7948
    1345       1.7793
    1346       1.9334
    1347       1.7909
    1348       1.7390
    1349       1.8133
    1350       1.7321
    1351       1.9047
    1352       1.8510
    1353       1.4080
    1354       1.8301
    1355       1.0092
    1356       1.0733
    1357       1.3789
    1358       1.2912
    1359       1.3493
    1360       1.2648
    1361       1.2456
    1362       1.3474
    1363       1.3847
    1364       1.8835
    1365       1.2472
    1366       1.3763
    1367       1.5707
    1368       1.1268
    1369       1.2593
    1370       1.2401
    1371       1.0945
    1372       1.1540
    1373       1.1276
    1374       1.1545
    1375       1.2406
    1376       1.0822
    1377       1.3099
    1378       1.2254
    1379       1.3759
    1380       1.2878
    1381       1.4859
    1382       1.6564
    1383       1.2820
    1384       1.6503
    1385       1.4352
    1386       1.3138
    1387       1.2008
    1388       1.4069
    1389       1.3894
    1390       1.3303
    1391       1.1711
    1392       1.2777
    1393       1.1051
    1394       1.3966
    1395       1.1554
    1396       1.5051
    1397       1.1890
    1398       1.5430
    1399       1.3140
    1400       1.4442
    1401       1.2155
    1402       1.2361
    1403       1.3789
    1404       1.6958
    1405       1.4674
    1406       1.3711
    1407       1.5042
    1408       1.0779
    1409       1.0504
    1410       0.9652
    1411       1.2187
    1412       1.2123
    1413       1.0757
    1414       1.3401
    1415       0.9841
    1416       1.6452
    1417       1.4356
    1418       1.4879
    1419       1.0861
    1420       1.1504
    1421       1.2607
    1422       1.3215
    1423       1.5827
    1424       1.1620
    1425       1.2131
    1426       1.2428
    1427       1.3588
    1428       1.1508
    1429       1.1758
    1430       0.8894
    1431       1.6218
    1432       1.3631
    1433       1.4658
    1434       1.2013
    1435       1.2097
    1436       1.1452
    1437       1.0932
    1438       1.0044
    1439       1.3362
    1440       1.3693
    1441       1.3148
    1442       1.3691
    1443       1.5826
    1444       1.3568
    1445       1.4332
    1446       1.4136
    1447       1.2667
    1448       1.2837
    1449       1.4044
    1450       1.3917
    1451       1.2671
    1452       1.4616
    1453       1.6197
    1454       1.5757
    1455       1.7735
    1456       1.5960
    1457       1.5938
    1458       1.7025
    1459       1.3926
    1460       2.0759
    1461       1.3199
    1462       1.3750
    1463       1.4263
    1464       1.4602
    1465       1.5097
    1466       1.4547
    1467       1.4014
    1468       1.4711
    1469       1.3657
    1470       1.5866
    1471       1.6607
    1472       1.3901
    1473       1.5428
    1474       1.2885
    1475       1.3373
    1476       1.2699
    1477       1.4109
    1478       1.1478
    1479       1.0734
    1480       1.3226
    1481       1.1302
    1482       1.5064
    1483       1.6420
    1484       1.4663
    1485       1.4471
    1486       1.1175
    1487       1.3618
    1488       1.3123
    1489       1.1320
    1490       1.2519
    1491       1.1398
    1492       1.4116
    1493       1.3094
    1494       1.4678
    1495       1.0960
    1496       1.1424
    1497       1.1527
    1498       1.3240
    1499       1.5109
    1500       1.1568
    1501       0.8725
    1502       1.1352
    1503       1.2335
    1504       1.0786
    1505       1.3153
    1506       1.2409
    1507       1.0917
    1508       1.1681
    1509       1.3712
    1510       1.7773
    1511       1.4280
    1512       1.1973
    1513       1.4798
    1514       1.1604
    1515       1.4046
    1516       1.2275
    1517       1.3904
    1518       1.4176
    1519       1.5620
    1520       1.4477
    1521       1.4747
    1522       1.3697
    1523       1.2137
    1524       1.5385
    1525       1.5844
    1526       1.4285
    1527       1.7311
    1528       1.4748
    1529       1.4670
    1530       1.5295
    1531       1.3348
    1532       1.7647
    1533       1.4360
    1534       1.6032
    1535       1.5624
    1536       1.6049
    1537       1.7380
    1538       1.6965
    1539       1.5452
    1540       1.2114
    1541       1.6308
    1542       1.3955
    1543       1.6227
    1544       1.0443
    1545       1.0006
    1546       1.5046
    1547       1.0772
    1548       1.3062
    1549       1.1288
    1550       1.1974
    1551       1.5308
    1552       1.0278
    1553       1.2513
    1554       1.2789
    1555       1.7056
    1556       1.5312
    1557       1.4317
    1558       1.3591
    1559       1.4646
    1560       1.1750
    1561       1.3416
    1562       1.4958
    1563       1.3103
    1564       1.3938
    1565       1.3704
    1566       1.2856
    1567       1.7572
    1568       1.5750
    1569       1.6041
    1570       1.5164
    1571       1.5291
    1572       1.9942
    1573       1.5890
    1574       1.5921
    1575       1.4060
    1576       1.6810
    1577       1.6349
    1578       1.3321
    1579       1.3827
    1580       1.4481
    1581       1.1283
    1582       1.5208
    1583       1.5776
    1584       1.4473
    1585       1.2923
    1586       1.8347
    1587       1.7823
    1588       2.0635
    1589       1.8011
    1590       2.0288
    1591       1.7012
    1592       1.7747
    1593       1.3475
    1594       1.5885
    1595       1.6205
    1596       1.3144
    1597       1.6708
    1598       1.6010
    1599       1.5240
    1600       1.8654
    1601       1.9225
    1602       1.8584
    1603       1.7681
    1604       1.6115
    1605       1.7363
    1606       1.9480
    1607       2.0635
    1608       1.9308
    1609       1.7503
    1610       1.7137
    1611       1.8229
    1612       2.1283
    1613       1.8005
    1614       1.9043
    1615       1.2267
    1616       1.0852
    1617       1.5322
    1618       1.6332
    1619       1.5241
    1620       1.0109
    1621       1.2740
    1622       1.4734
    1623       1.7534
    1624       1.4355
    1625       1.5786
    1626       1.5257
    1627       1.6564
    1628       1.9852
    1629       1.4539
    1630       2.0394
    1631       1.6390
    1632       1.3523
    1633       1.2776
    1634       1.6272
    1635       1.7936
    1636       1.9240
    1637       1.6463
    1638       1.5440
    1639       1.6188
    1640       1.5147
    1641       1.6006
    1642       1.6804
    1643       1.3437
    1644       1.7149
    1645       1.6970
    1646       1.6599
    1647       1.7554
    1648       1.6000
    1649       1.4316
    1650       1.7262
    1651       1.8352
    1652       1.2426
    1653       1.8159
    1654       1.8620
    1655       1.9200
    1656       2.0523
    1657       1.8685
    1658       1.9841
    1659       1.7766
    1660       1.7634
    1661       1.7461
    1662       1.5855
    1663       1.6737
    1664       1.8235
    1665       1.3558
    1666       1.9348
    1667       1.5980
    1668       1.5844
    1669       1.5344
    1670       1.9908
    1671       1.9026
    1672       1.5192
    1673       1.1083
    1674       1.5479
    1675       1.1648
    1676       1.5125
    1677       1.5893
    1678       1.4805
    1679       1.6843
    1680       1.5033
    1681       1.2792
    1682       1.6178
    1683       1.7287
    1684       1.5952
    1685       1.5352
    1686       1.6657
    1687       2.4249
    1688       2.2690
    1689       2.1759
    1690       1.8746
    1691       1.8533
    1692       1.7707
    1693       1.7606
    1694       1.3988
    1695       1.6274
    1696       2.0626
    1697       1.8235
    1698       2.0648
    1699       2.2678
    1700       1.7131
    1701       1.9245
    1702       2.1222
    1703       1.6105
    1704       1.8623
    1705       1.8690
    1706       2.1482
    1707       1.7442
    1708       1.8319
    1709       1.6781
    1710       1.7332
    1711       1.8208
    1712       1.6232
    1713       1.8254
    1714       1.7735
    1715       1.7423
    1716       2.1376
    1717       1.7233
    1718       1.6837
    1719       1.7955
    1720       1.7829
    1721       1.6753
    1722       1.4649
    1723       1.6995
    1724       1.8209
    1725       1.1671
    1726       1.5874
    1727       1.4376
    1728       1.7603
    1729       1.8032
    1730       1.5578
    1731       1.4733
    1732       1.9637
    1733       1.8819
    1734       1.8548
    1735       2.1859
    1736       2.1184
    1737       1.9211
    1738       1.5301
    1739       1.7607
    1740       1.9154
    1741       1.9384
    1742       1.9138
    1743       1.6072
    1744       1.5578
    1745       1.9097
    1746       2.1110
    1747       2.0922
    1748       1.8355
    1749       1.8410
    1750       2.0102
    1751       2.2842
    1752       2.2307
    1753       2.3032
    1754       1.9694
    1755       1.6139
    1756       2.0425
    1757       1.9624
    1758       2.3702
    1759       2.1725
    1760       1.8434
    1761       2.0812
    1762       2.4115
    1763       2.0192
    1764       1.7863
    1765       2.1737
    1766       1.9830
    1767       2.1896
    1768       2.0591
    1769       1.7976
    1770       1.8342
    1771       1.7929
    1772       2.0433
    1773       1.9202
    1774       2.1619
    1775       2.2482
    1776       1.8041
    1777       2.2455
    1778       2.0737
    1779       2.0507
    1780       1.9675
    1781       1.9027
    1782       1.9899
    1783       1.9181
    1784       1.6557
    1785       1.7068
    1786       1.7016
    1787       2.0209
    1788       1.8162
    1789       1.8434
    1790       1.7300
    1791       1.5634
    1792       1.4356
    1793       1.8438
    1794       2.0796
    1795       1.8018
    1796       1.6907
    1797       1.8713
    1798       1.9609
    1799       1.4943
    1800       1.5044
    1801       1.6634
    1802       1.7581
    1803       1.8798
    1804       1.7423
    1805       1.7764
    1806       1.7324
    1807       1.6711
    1808       1.3545
    1809       1.5009
    1810       1.6324
    1811       1.5973
    1812       1.4395
    1813       1.5650
    1814       1.3325
    1815       1.5711
    1816       1.8619
    1817       1.5863
    1818       1.5326
    1819       1.4578
    1820       1.4111
    1821       1.6329
    1822       1.4430
    1823       1.6474
    1824       1.7707
    1825       1.4341
    1826       1.8562
    1827       1.5124
    1828       1.6740
    1829       1.6676
    1830       1.3019
    1831       1.3425
    1832       1.4242
    1833       1.3603
    1834       1.4117
    1835       1.7073
    1836       2.0536
    1837       1.7712
    1838       1.5899
    1839       1.4621
    1840       1.6278
    1841       1.5053
    1842       1.9131
    1843       1.7462
    1844       2.0130
    1845       2.1463
    1846       1.9337
    1847       1.7606
    1848       1.4302
    1849       1.1096
    1850       1.5572
    1851       1.7174
    1852       1.8605
    1853       1.5200
    1854       1.3368
    1855       1.6822
    1856       1.3979
    1857       1.6894
    1858       1.6845
    1859       1.4737
    1860       1.6837
    1861       1.8334
    1862       1.6765
    1863       1.6234
    1864       1.9813
    1865       2.0109
    1866       2.2439
    1867       2.3007
    1868       2.0543
    1869       1.7739
    1870       1.7995
    1871       1.8614
    1872       1.7676
    1873       2.0831
    1874       2.0010
    1875       2.1711
    1876       2.1891
    1877       2.1763
    1878       1.9367
    1879       2.3497
    1880       2.1038
    1881       1.9304
    1882       1.9957
    1883       2.0288
    1884       1.8694
    1885       1.9202
    1886       1.8609
    1887       2.1684
    1888       1.7894
    1889       2.1935
    1890       2.0139
    1891       1.9620
    1892       1.9187
    1893       2.0595
    1894       2.0100
    1895       2.0933
    1896       1.4644
    1897       1.7684
    1898       1.7514
    1899       1.9414
    1900       1.9870
    1901       2.0354
    1902       1.8501
    1903       1.7372
    1904       1.9135
    1905       1.8150
    1906       1.7301
    1907       1.7369
    1908       1.5203
    1909       1.7774
    1910       1.5580
    1911       1.7966
    1912       1.4622
    1913       2.1510
    1914       1.9486
    1915       1.6126
    1916       1.6222
    1917       1.6586
    1918       1.7210
    1919       1.6823
    1920       1.7674
    1921       1.9334
    1922       1.6869
    1923       2.0779
    1924       1.8455
    1925       1.3856
    1926       1.8001
    1927       1.9733
    1928       1.7511
    1929       1.8866
    1930       2.1327
    1931       2.2667
    1932       1.7177
    1933       1.4246
    1934       1.3638
    1935       1.7731
    1936       1.6641
    1937       1.6802
    1938       1.8193
    1939       1.6876
    1940       2.0661
    1941       1.7918
    1942       1.9558
    1943       1.9024
    1944       1.8625
    1945       2.0657
    1946       1.9083
    1947       2.4121
    1948       1.6789
    1949       1.7991
    1950       1.7712
    1951       1.7832
    1952       2.2321
    1953       2.0190
    1954       2.2795
    1955       2.1361
    1956       2.2688
    1957       2.0085
    1958       2.6842
    1959       2.2930
    1960       1.9562
    1961       1.8431
    1962       1.7216
    1963       1.5535
    1964       2.1664
    1965       1.7390
    1966       1.8335
    1967       1.5934
    1968       1.7275
    1969       1.6705
    1970       1.7396
    1971       1.7013
    1972       1.8021
    1973       1.4179
    1974       1.5158
    1975       1.4610
    1976       1.4638
    1977       1.7331
    1978       1.8071
    1979       2.1957
    1980       2.0283
    1981       2.1331
    1982       2.2347
    1983       1.6128
    1984       1.7419
    1985       1.9788
    1986       2.1260
    1987       1.9093
    1988       1.9902
    1989       1.6651
    1990       2.0384
    1991       2.0491
    1992       1.9560
    1993       1.7755
    1994       1.9790
    1995       1.8558
    1996       1.6486
    1997       1.8653
    1998       1.7331
    1999       1.7397
    2000       1.8187
    2001       1.7230
    2002       1.5511
    2003       1.7443
    2004       1.8610
    2005       1.4963
    2006       2.1186
    2007       1.3394
    2008       1.2752
    2009       1.7236
    2010       1.5950
    2011       1.8065
    2012       1.8025
    2013       1.7588
    2014       1.9689
    2015       1.8980
    2016       1.9929
    2017       2.0299
    2018       1.8247
    2019       1.7802
    2020       2.0718
    2021       1.6772
    2022       1.9424
    2023       1.9683
    2024       1.9666
    2025       1.6582
    2026       1.7978
    2027       1.9424
    2028       1.7050
    2029       1.4697
    2030       1.8166
    2031       1.2643
    2032       1.6128
    2033       1.5763
    2034       1.5439
    2035       1.9354
    2036       1.6556
    2037       2.2356
    2038       2.1272
    2039       2.3150
    2040       1.7660
    2041       1.7033
    2042       1.7714
    2043       1.6411
    2044       1.6405
    2045       1.7799
    2046       1.9359
    2047       1.8500
    2048       1.4928
    2049       2.0301
    2050       1.7363
    2051       2.0899
    2052       1.6385
    2053       1.5314
    2054       1.8768
    2055       1.8958
    2056       1.8043
    2057       1.5738
    2058       1.4229
    2059       1.7462
    2060       1.5471
    2061       1.5498
    2062       1.5967
    2063       1.5397
    2064       1.2801
    2065       1.4822
    2066       1.8449
    2067       1.9950
    2068       1.5998
    2069       1.6789
    2070       1.6548
    2071       1.6554
    2072       2.2255
    2073       2.2914
    2074       1.9912
    2075       2.0144
    2076       1.6196
    2077       1.8589
    2078       1.7468
    2079       2.2054
    2080       1.8325
    2081       1.8271
    2082       1.7378
    2083       2.1351
    2084       1.9279
    2085       1.8945
    2086       1.9431
    2087       1.9820
    2088       1.8212
    2089       1.9953
    2090       2.2392
    2091       2.0690
    2092       1.7671
    2093       1.5813
    2094       1.7222
    2095       2.0437
    2096       1.8296
    2097       1.8230
    2098       1.7005
    2099       2.1060
    2100       1.9623
    2101       2.1288
    2102       1.9925
    2103       1.5428
    2104       1.9333
    2105       1.7533
    2106       1.6734
    2107       1.6667
    2108       1.8380
    2109       1.9677
    2110       1.6505
    2111       1.7572
    2112       2.1130
    2113       1.8854
    2114       1.7624
    2115       1.7672
    2116       1.3840
    2117       1.9419
    2118       1.5006
    2119       1.7520
    2120       1.9648
    2121       1.9393
    2122       2.0579
    2123       1.6824
    2124       1.7455
    2125       1.6873
    2126       1.8835
    2127       1.8725
    2128       2.0341
    2129       1.7329
    2130       1.8245
    2131       1.9154
    2132       1.6831
    2133       1.8278
    2134       1.9034
    2135       1.8390
    2136       1.9646
    2137       1.6793
    2138       1.8711
    2139       1.9828
    2140       1.4812
    2141       1.7351
    2142       1.7751
    2143       1.5544
    2144       1.6822
    2145       2.1008
    2146       2.1231
    2147       1.8848
    2148       2.0434
    2149       2.0252
    2150       1.9038
    2151       1.9256
    2152       2.1360
    2153       1.9174
    2154       1.8804
    2155       1.7462
    2156       1.9439
    2157       1.8837
    2158       1.9177
    2159       1.7354
    2160       2.1481
    2161       2.0599
    2162       1.7411
    2163       1.7626
    2164       1.7413
    2165       1.8181
    2166       1.8374
    2167       1.7914
    2168       1.5358
    2169       1.7844
    2170       1.9252
    2171       1.8308
    2172       1.3591
    2173       1.5611
    2174       1.4111
    2175       1.6899
    2176       2.0668
    2177       1.5875
    2178       2.0045
    2179       1.7232
    2180       1.8863
    2181       2.1900
    2182       1.9383
    2183       1.9588
    2184       1.8441
    2185       1.5947
    2186       1.9990
    2187       1.7835
    2188       1.5794
    2189       1.7318
    2190       1.5831
    2191       1.5359
    2192       1.6124
    2193       1.4606
    2194       1.7495
    2195       2.2181
    2196       1.4819
    2197       2.0939
    2198       1.8389
    2199       1.8473
    2200       1.6920
    2201       1.3685
    2202       1.7981
    2203       1.9734
    2204       1.8355
    2205       1.9215
    2206       1.8378
    2207       1.2145
    2208       1.8739
    2209       1.3672
    2210       1.7695
    2211       1.7665
    2212       1.8790
    2213       1.7186
    2214       1.7719
    2215       1.8583
    2216       1.6884
    2217       2.0731
    2218       1.7894
    2219       1.9783
    2220       2.1272
    2221       2.1431
    2222       1.9544
    2223       1.6058
    2224       1.3558
    2225       1.8666
    2226       1.7625
    2227       1.7965
    2228       1.8220
    2229       2.0203
    2230       1.4055
    2231       1.4873
    2232       2.0769
    2233       1.3950
    2234       1.9879
    2235       1.8237
    2236       1.5643
    2237       1.5083
    2238       1.5209
    2239       1.4544
    2240       1.3948
    2241       1.6537
    2242       1.6941
    2243       1.3661
    2244       1.5506
    2245       1.6500
    2246       1.7821
    2247       1.8395
    2248       1.8859
    2249       1.4912
    2250       1.7848
    2251       1.7261
    2252       1.9046
    2253       1.9300
    2254       2.0631
    2255       1.7287
    2256       1.6781
    2257       1.7828
    2258       1.8361
    2259       2.1106
    2260       1.9395
    2261       2.0431
    2262       1.6352
    2263       1.5831
    2264       1.5562
    2265       2.3409
    2266       2.0358
    2267       1.7802
    2268       1.5269
    2269       1.6055
    2270       1.5211
    2271       1.5818
    2272       1.8753
    2273       2.1566
    2274       1.7509
    2275       1.8468
    2276       1.8487
    2277       1.6703
    2278       1.7687
    2279       2.0313
    2280       1.8140
    2281       2.0614
    2282       2.1686
    2283       1.8210
    2284       2.0071
    2285       1.8391
    2286       2.0434
    2287       2.1652
    2288       1.7593
    2289       2.1599
    2290       1.8271
    2291       1.5744
    2292       2.0248
    2293       1.7287
    2294       2.0647
    2295       1.8073
    2296       1.3242
    2297       1.7503
    2298       2.1443
    2299       1.7186
    2300       1.6383
    2301       2.4485
    2302       2.0041
    2303       2.2405
    2304       1.7544
    2305       2.2222
    2306       1.9022
    2307       2.0285
    2308       1.6919
    2309       1.2767
    2310       1.8501
    2311       1.6865
    2312       1.6066
    2313       1.5474
    2314       1.7320
    2315       1.7960
    2316       1.6362
    2317       1.7065
    2318       2.0685
    2319       1.8267
    2320       1.9894
    2321       1.9053
    2322       2.3165
    2323       1.7876
    2324       1.7615
    2325       1.8691
    2326       2.1101
    2327       1.9006
    2328       1.4579
    2329       2.1226
    2330       2.7271
    2331       2.0288
    2332       1.9197
    2333       1.5928
    2334       1.4955
    2335       1.4935
    2336       2.0778
    2337       1.7735
    2338       1.7481
    2339       1.7144
    2340       2.0282
    2341       1.6244
    2342       1.6757
    2343       1.8649
    2344       2.0745
    2345       1.9715
    2346       1.9688
    2347       2.0161
    2348       2.0354
    2349       1.3832
    2350       2.0295
    2351       1.6420
    2352       2.0177
    2353       1.9874
    2354       1.9659
    2355       1.6485
    2356       2.0172
    2357       1.9575
    2358       1.8270
    2359       1.7479
    2360       1.6887
    2361       1.8050
    2362       2.0344
    2363       1.6581
    2364       1.8444
    2365       1.8180
    2366       2.3153
    2367       1.9462
    2368       1.9879
    2369       2.1410
    2370       2.0655
    2371       2.1096
    2372       2.0014
    2373       2.1558
    2374       1.9527
    2375       1.7853
    2376       1.8553
    2377       2.0641
    2378       1.9170
    2379       2.0728
    2380       1.9411
    2381       1.7423
    2382       1.5194
    2383       1.9111
    2384       1.8392
    2385       1.9604
    2386       1.7766
    2387       2.1349
    2388       1.9119
    2389       2.3699
    2390       1.7729
    2391       1.6476
    2392       2.1137
    2393       2.0051
    2394       1.9993
    2395       1.9686
    2396       2.1505
    2397       1.5995
    2398       2.0116
    2399       1.5126
    2400       1.5169
    2401       1.6900
    2402       1.6792
    2403       2.2142
    2404       2.4473
    2405       2.1585
    2406       2.0484
    2407       2.1094
    2408       2.3821
    2409       2.2053
    2410       1.9509
    2411       1.7838
    2412       2.1524
    2413       2.2287
    2414       2.0352
    2415       2.2369
    2416       2.7234
    2417       2.2521
    2418       1.9308
    2419       1.9351
    2420       1.9455
    2421       1.7981
    2422       2.1529
    2423       2.0705
    2424       1.9005
    2425       2.0009
    2426       2.1959
    2427       1.9134
    2428       2.3229
    2429       2.2716
    2430       1.8618
    2431       1.8409
    2432       2.2746
    2433       2.8485
    2434       1.7863
    2435       2.6381
    2436       2.3313
    2437       2.4993
    2438       1.9087
    2439       2.0080
    2440       1.8447
    2441       2.2827
    2442       2.3558
    2443       1.6444
    2444       1.9653
    2445       1.9453
    2446       1.9826
    2447       1.9483
    2448       2.1690
    2449       2.1008
    2450       2.3288
    2451       2.1318
    2452       1.7327
    2453       1.9268
    2454       2.0419
    2455       1.9855
    2456       1.8626
    2457       2.0011
    2458       2.2667
    2459       1.9950
    2460       2.0765
    2461       1.8480
    2462       1.8152
    2463       2.6445
    2464       2.3389
    2465       2.2385
    2466       2.2979
    2467       2.1235
    2468       1.7638
    2469       2.1031
    2470       1.8495
    2471       1.8988
    2472       2.0692
    2473       1.8109
    2474       1.5969
    2475       1.9391
    2476       1.6467
    2477       2.1455
    2478       1.4924
    2479       2.1588
    2480       1.6931
    2481       1.8613
    2482       2.4289
    2483       1.8922
    2484       1.6357
    2485       1.6572
    2486       1.6797
    2487       1.8373
    2488       2.1191
    2489       2.0958
    2490       1.7396
    2491       1.9046
    2492       1.4815
    2493       1.5071
    2494       1.4083
    2495       1.8079
    2496       2.3110
    2497       1.7079
    2498       1.5757
    2499       2.1291
    2500       1.8264
    2501       2.8155
    2502       2.0375
    2503       2.2590
    2504       2.2085
    2505       2.7136
    2506       2.5935
    2507       2.1659
    2508       1.8731
    2509       2.1297
    2510       1.8555
    2511       2.2573
    2512       2.1117
    2513       1.8876
    2514       1.9616
    2515       1.5904
    2516       1.9295
    2517       1.8572
    2518       1.9064
    2519       2.3236
    2520       1.6870
    2521       1.9187
    2522       1.8035
    2523       1.8672
    2524       2.0881
    2525       2.0919
    2526       1.8590
    2527       1.6962
    2528       1.8073
    2529       1.9044
    2530       2.1406
    2531       2.2976
    2532       2.1762
    2533       1.9196
    2534       1.9618
    2535       1.8821
    2536       2.2926
    2537       1.7631
    2538       2.1545
    2539       1.6202
    2540       2.4893
    2541       2.1396
    2542       1.8021
    2543       2.0147
    2544       1.7285
    2545       2.1537
    2546       2.2084
    2547       2.3467
    2548       2.2833
    2549       2.0743
    2550       1.8579
    2551       1.8316
    2552       2.1907
    2553       1.8751
    2554       2.0335
    2555       1.7196
    2556       1.8831
    2557       2.1174
    2558       1.9267
    2559       2.1735
    2560       2.0541
    2561       1.9252
    2562       1.8298
    2563       1.5674
    2564       2.0541
    2565       1.7000
    2566       1.5242
    2567       1.7565
    2568       1.8193
    2569       1.7688
    2570       1.5894
    2571       1.9676
    2572       1.9532
    2573       1.9810
    2574       1.6347
    2575       2.0515
    2576       1.3383
    2577       1.5466
    2578       1.7462
    2579       1.4750
    2580       1.8206
    2581       1.8300
    2582       1.8504
    2583       1.8264
    2584       2.1695
    2585       1.9142
    2586       1.7213
    2587       1.8248
    2588       1.5556
    2589       1.7835
    2590       2.0210
    2591       1.7230
    2592       1.7342
    2593       1.5159
    2594       1.9214
    2595       1.6138
    2596       1.9245
    2597       1.6331
    2598       1.7458
    2599       2.3182
    2600       1.8192
    2601       1.5304
    2602       1.6556
    2603       1.6944
    2604       1.6987
    2605       1.6976
    2606       1.7192
    2607       1.9499
    2608       2.0355
    2609       1.9628
    2610       1.7769
    2611       1.8935
    2612       2.1222
    2613       1.9808
    2614       1.8660
    2615       1.8730
    2616       1.7622
    2617       2.0312
    2618       2.0818
    2619       2.2093
    2620       1.9267
    2621       1.9881
    2622       1.9524
    2623       2.1629
    2624       1.9313
    2625       1.8627
    2626       2.0686
    2627       1.4838
    2628       1.6336
    2629       1.9844
    2630       1.8626
    2631       1.5587
    2632       2.0869
    2633       2.1498
    2634       1.9081
    2635       1.6156
    2636       1.3281
    2637       2.0717
    2638       1.6582
    2639       1.6498
    2640       1.1641
    2641       1.6851
    2642       1.4874
    2643       1.6774
    2644       1.7352
    2645       1.8915
    2646       1.6032
    2647       1.7316
    2648       1.9824
    2649       1.8163
    2650       1.6485
    2651       1.6449
    2652       1.5143
    2653       1.5288
    2654       1.5397
    2655       1.6481
    2656       1.7740
    2657       1.9166
    2658       1.3392
    2659       1.9010
    2660       1.8304
    2661       1.8454
    2662       1.6543
    2663       2.0418
    2664       1.8223
    2665       1.8602
    2666       1.9643
    2667       1.9152
    2668       1.9347
    2669       1.7265
    2670       1.7393
    2671       1.3848
    2672       1.7289
    2673       1.6249
    2674       2.0604
    2675       1.9845
    2676       1.7715
    2677       1.9632
    2678       2.1287
    2679       1.9900
    2680       2.2264
    2681       2.0983
    2682       1.8036
    2683       1.7966
    2684       1.7260
    2685       2.0379
    2686       1.9979
    2687       1.9821
    2688       1.5501
    2689       2.0311
    2690       1.8938
    2691       1.7127
    2692       1.6942
    2693       1.9242
    2694       1.9343
    2695       1.8551
    2696       2.2033
    2697       2.1969
    2698       1.9772
    2699       2.4001
    2700       2.1787
    2701       1.9125
    2702       1.8866
    2703       1.9068
    2704       2.2586
    2705       1.8394
    2706       1.5903
    2707       1.7480
    2708       1.9075
    2709       1.7745
    2710       1.9306
    2711       1.9138
    2712       2.2338
    2713       2.1972
    2714       2.3285
    2715       2.2386
    2716       2.3429
    2717       1.6973
    2718       1.8654
    2719       1.4068
    2720       1.6200
    2721       1.8363
    2722       1.4755
    2723       1.7183
    2724       1.8512
    2725       2.0287
    2726       1.8755
    2727       1.7196
    2728       1.8268
    2729       2.0743
    2730       2.0141
    2731       1.8687
    2732       2.2058
    2733       1.7101
    2734       1.9424
    2735       2.2018
    2736       1.7513
    2737       1.9909
    2738       2.3496
    2739       2.3493
    2740       2.3007
    2741       2.1945
