#Res        AtomicFlx
   1.000      17.7755
   2.000      16.0219
   3.000      14.1386
   4.000      12.3143
   5.000      11.5520
   6.000      10.1658
   7.000       8.3241
   8.000       7.3857
   9.000       6.6897
  10.000       5.5461
  11.000       4.7779
  12.000       3.9027
  13.000       3.2304
  14.000       2.9994
  15.000       3.3206
  16.000       2.4595
  17.000       1.5675
  18.000       1.2326
  19.000       1.0616
  20.000       0.9189
  21.000       0.9192
  22.000       0.8462
  23.000       0.8360
  24.000       0.7800
  25.000       0.8690
  26.000       0.9883
  27.000       1.1755
  28.000       1.4396
  29.000       1.7192
  30.000       2.1413
  31.000       2.3451
  32.000       2.0937
  33.000       2.3412
  34.000       2.7872
  35.000       2.7925
  36.000       2.6175
  37.000       2.0829
  38.000       1.8804
  39.000       1.4309
  40.000       1.2558
  41.000       1.2373
  42.000       1.2731
  43.000       1.4371
  44.000       1.3872
  45.000       1.4067
  46.000       1.4323
  47.000       1.3434
  48.000       1.2249
  49.000       1.1478
  50.000       1.0877
  51.000       1.1538
  52.000       1.3508
  53.000       1.6466
  54.000       2.0887
  55.000       2.3745
  56.000       2.8442
  57.000       3.5288
  58.000       4.1793
  59.000       4.1260
  60.000       3.2178
  61.000       2.4172
  62.000       1.8824
  63.000       1.6726
  64.000       1.4540
  65.000       1.3712
  66.000       1.1906
  67.000       1.2179
  68.000       1.1982
  69.000       1.1884
  70.000       1.0809
  71.000       1.1129
  72.000       0.9410
  73.000       0.9662
  74.000       1.0884
  75.000       1.2766
  76.000       0.9268
  77.000       0.8075
  78.000       0.7167
  79.000       0.8310
  80.000       0.9140
  81.000       0.8181
  82.000       0.7859
  83.000       0.9705
  84.000       1.0926
  85.000       0.9181
  86.000       0.8215
  87.000       1.0043
  88.000       1.1075
  89.000       0.9143
  90.000       0.9238
  91.000       1.0687
  92.000       1.0058
  93.000       0.9055
  94.000       1.0234
  95.000       1.1417
  96.000       1.0645
  97.000       0.9310
  98.000       0.8404
  99.000       0.7031
 100.000       0.6693
 101.000       0.6000
 102.000       0.6234
 103.000       0.6141
 104.000       0.7022
 105.000       0.7499
 106.000       0.7987
 107.000       0.8457
 108.000       0.8585
 109.000       0.7172
 110.000       0.6821
 111.000       0.5832
 112.000       0.5633
 113.000       0.5608
 114.000       0.5571
 115.000       0.5467
 116.000       0.5852
 117.000       0.6319
 118.000       0.6807
 119.000       0.8243
 120.000       0.9543
 121.000       1.2599
 122.000       1.6019
 123.000       1.5230
 124.000       1.3840
 125.000       1.0910
 126.000       0.9811
 127.000       0.8239
 128.000       0.9241
 129.000       0.9319
 130.000       0.7909
 131.000       0.7867
 132.000       0.6646
 133.000       0.6243
 134.000       0.5723
 135.000       0.5455
 136.000       0.5374
 137.000       0.5811
 138.000       0.6082
 139.000       0.5974
 140.000       0.6529
 141.000       0.6896
 142.000       0.7093
 143.000       0.8096
 144.000       0.9701
 145.000       1.0995
 146.000       1.1536
 147.000       1.2672
 148.000       1.5939
 149.000       2.0307
 150.000       1.8362
 151.000       1.9328
 152.000       1.3500
 153.000       1.1858
 154.000       1.0004
 155.000       0.9088
 156.000       0.7807
 157.000       0.7296
 158.000       0.6208
 159.000       0.5880
 160.000       0.5548
 161.000       0.5298
 162.000       0.5540
 163.000       0.6527
 164.000       0.7474
 165.000       0.8504
 166.000       0.6941
 167.000       0.7014
 168.000       0.6756
 169.000       0.6097
 170.000       0.6862
 171.000       0.8234
 172.000       1.0207
 173.000       1.0425
 174.000       1.2906
 175.000       1.5389
 176.000       1.2138
 177.000       1.1867
 178.000       1.2174
 179.000       1.3029
 180.000       1.1712
 181.000       1.2629
 182.000       1.0576
 183.000       1.0342
 184.000       1.0749
 185.000       1.2353
 186.000       1.5802
 187.000       1.7386
 188.000       2.1833
 189.000       2.3173
 190.000       2.0988
 191.000       1.9813
 192.000       1.6966
 193.000       1.3949
 194.000       1.0732
 195.000       0.9656
 196.000       0.9322
 197.000       0.9315
 198.000       0.9206
 199.000       0.8832
 200.000       0.9339
 201.000       0.8698
 202.000       0.7076
 203.000       0.8454
 204.000       0.7838
 205.000       0.9814
 206.000       0.8095
 207.000       0.8194
 208.000       0.9360
 209.000       0.7905
 210.000       0.6957
 211.000       0.7328
 212.000       0.7679
 213.000       0.6785
 214.000       0.6780
 215.000       0.8066
 216.000       0.8506
 217.000       0.8000
 218.000       0.8256
 219.000       0.8873
 220.000       0.8203
 221.000       0.7981
 222.000       0.9274
 223.000       0.9767
 224.000       0.8966
 225.000       0.9662
 226.000       1.1243
 227.000       1.0868
 228.000       1.0267
 229.000       1.1285
 230.000       1.0564
 231.000       0.8273
 232.000       0.8400
 233.000       0.8244
 234.000       0.7894
 235.000       0.6840
 236.000       0.6287
 237.000       0.5024
 238.000       0.4717
 239.000       0.4736
 240.000       0.5818
 241.000       0.6736
 242.000       0.7436
 243.000       0.8188
 244.000       0.9906
 245.000       1.1328
 246.000       1.5772
 247.000       2.1160
 248.000       3.1716
 249.000       3.9623
 250.000       5.0117
 251.000       4.3874
 252.000       3.4430
 253.000       2.9627
 254.000       2.5838
 255.000       2.1982
 256.000       1.8608
 257.000       1.2452
 258.000       1.0966
 259.000       0.8482
 260.000       0.7376
 261.000       0.6324
 262.000       0.5532
 263.000       0.5274
 264.000       0.5535
 265.000       0.5534
 266.000       0.6546
 267.000       0.7056
 268.000       0.7797
 269.000       0.9164
 270.000       1.0133
 271.000       1.3390
 272.000       1.4076
 273.000       1.6489
 274.000       2.1267
 275.000       3.3038
 276.000       3.7905
 277.000       3.4616
 278.000       3.7460
 279.000       3.4936
 280.000       3.5500
 281.000       2.6804
 282.000       1.9742
 283.000       1.5309
 284.000       1.2990
 285.000       1.3583
 286.000       1.1930
 287.000       1.1308
 288.000       0.9368
 289.000       0.7933
 290.000       0.7516
 291.000       0.7223
 292.000       0.7945
 293.000       0.8854
 294.000       0.8614
 295.000       0.8578
 296.000       0.9215
 297.000       0.9620
 298.000       0.9296
 299.000       0.9732
 300.000       1.0577
 301.000       1.0933
 302.000       1.0944
 303.000       1.1796
 304.000       1.2979
 305.000       1.3156
 306.000       1.3138
 307.000       1.5375
 308.000       1.2273
 309.000       1.0355
 310.000       0.9415
 311.000       0.8773
 312.000       0.9369
 313.000       0.8987
 314.000       0.8019
 315.000       0.7114
 316.000       0.6682
 317.000       0.7684
 318.000       0.7740
 319.000       0.7672
 320.000       0.7342
 321.000       0.8211
 322.000       0.8315
 323.000       0.8035
 324.000       0.9174
 325.000       1.0986
 326.000       1.0351
 327.000       1.0314
 328.000       0.9273
 329.000       0.8633
 330.000       0.8247
 331.000       0.7262
 332.000       0.7383
 333.000       0.7056
 334.000       0.7743
 335.000       0.7553
 336.000       0.8200
 337.000       0.9403
 338.000       1.1132
 339.000       1.1403
 340.000       1.2162
 341.000       1.2031
 342.000       1.0465
 343.000       1.0923
 344.000       1.1182
 345.000       0.9867
 346.000       0.9599
 347.000       1.0352
 348.000       1.0258
 349.000       0.9497
 350.000       0.9849
 351.000       1.0536
 352.000       1.0078
 353.000       0.9902
 354.000       1.0867
 355.000       1.1085
 356.000       1.0456
 357.000       1.0917
 358.000       1.1135
 359.000       1.0458
 360.000       1.0778
 361.000       1.0733
 362.000       1.2690
 363.000       1.8661
 364.000       2.4365
 365.000       2.6774
 366.000       3.3416
 367.000       4.5592
 368.000       5.4316
