#Frame        complex
       1       2.7481
       2       2.9933
       3       2.7726
       4       2.8141
       5       2.8363
       6       2.6933
       7       2.7532
       8       2.8295
       9       2.7414
      10       2.7511
      11       3.0327
      12       3.0611
      13       3.1203
      14       2.7466
      15       2.9107
      16       2.8160
      17       3.1160
      18       3.0694
      19       3.0797
      20       3.2251
      21       3.3387
      22       3.1901
      23       3.2781
      24       3.2319
      25       3.4065
      26       3.4516
      27       3.6112
      28       3.7640
      29       4.0803
      30       4.1958
      31       4.2808
      32       4.4366
      33       4.2982
      34       3.9343
      35       3.8430
      36       4.0559
      37       4.0503
      38       4.1297
      39       4.1349
      40       4.0257
      41       3.8657
      42       3.7031
      43       3.7261
      44       3.7629
      45       4.0583
      46       4.1101
      47       4.0352
      48       3.9834
      49       3.8132
      50       3.6383
      51       3.9482
      52       3.4923
      53       3.6154
      54       3.3943
      55       3.4600
      56       3.5859
      57       3.7493
      58       3.6157
      59       4.0164
      60       3.9747
      61       4.1200
      62       4.3220
      63       4.6990
      64       4.7048
      65       4.6026
      66       4.4776
      67       4.6129
      68       4.3028
      69       4.0701
      70       4.2256
      71       3.9785
      72       3.9255
      73       3.6502
      74       3.7123
      75       3.8263
      76       3.7697
      77       3.8409
      78       3.5475
      79       3.5759
      80       3.3945
      81       3.4317
      82       3.6018
      83       3.6208
      84       3.4804
      85       3.3705
      86       3.6141
      87       3.7764
      88       3.7767
      89       3.8748
      90       3.6676
      91       3.8395
      92       3.8523
      93       3.7298
      94       4.0948
      95       3.8238
      96       4.0668
      97       4.0143
      98       4.1879
      99       4.4234
     100       4.3690
     101       4.2324
     102       4.3450
     103       4.7700
     104       4.5952
     105       4.5671
     106       4.9014
     107       4.7122
     108       4.5781
     109       4.5091
     110       4.6253
     111       4.2557
     112       4.4032
     113       4.6242
     114       4.2679
     115       4.5804
     116       4.5037
     117       4.3194
     118       4.5083
     119       4.8059
     120       4.4765
     121       4.5225
     122       4.2371
     123       4.1952
     124       4.1919
     125       4.4059
     126       4.4953
     127       4.2305
     128       4.2097
     129       4.3027
     130       4.4854
     131       4.5536
     132       4.4710
     133       4.4625
     134       4.7392
     135       4.3399
     136       4.3511
     137       4.2111
     138       4.4933
     139       4.4360
     140       4.1422
     141       4.0390
     142       4.0171
     143       3.8547
     144       4.0285
     145       4.2023
     146       4.2769
     147       4.5099
     148       4.5717
     149       4.2926
     150       4.0195
     151       3.9233
     152       4.1003
     153       4.0511
     154       4.0710
     155       3.8679
     156       3.8820
     157       3.8648
     158       3.9004
     159       3.8287
     160       3.8813
     161       3.8161
     162       3.7234
     163       3.5960
     164       3.6744
     165       3.7285
     166       3.6901
     167       3.8336
     168       3.9441
     169       4.1681
     170       4.3977
     171       4.2842
     172       4.0556
     173       4.2746
     174       4.1151
     175       4.3209
     176       4.5767
     177       4.4642
     178       4.6790
     179       4.8096
     180       4.5491
     181       4.7076
     182       4.8977
     183       5.0400
     184       5.0188
     185       5.4661
     186       5.2985
     187       5.0419
     188       5.1294
     189       5.6394
     190       5.4467
     191       5.6594
     192       5.5017
     193       5.5946
     194       5.4339
     195       5.7813
     196       5.3318
     197       5.6310
     198       5.2387
     199       5.4470
     200       5.3224
     201       5.0912
     202       5.1322
     203       4.8898
     204       5.0751
     205       4.8967
     206       4.7243
     207       4.4269
     208       4.5017
     209       4.2256
     210       4.1655
     211       4.1944
     212       4.3488
     213       4.2467
     214       4.3010
     215       4.6244
     216       4.5391
     217       4.2717
     218       4.3306
     219       4.3438
     220       4.4514
     221       4.4429
     222       4.6009
     223       4.0863
     224       3.9406
     225       4.1775
     226       4.1436
     227       4.3410
     228       4.0399
     229       4.2492
     230       4.1781
     231       4.1950
     232       4.1772
     233       4.2893
     234       4.3638
     235       4.3353
     236       4.6158
     237       4.6188
     238       4.1672
     239       4.1185
     240       4.1417
     241       4.0678
     242       3.8353
     243       4.0397
     244       4.1810
     245       4.4951
     246       4.4876
     247       4.3243
     248       4.5211
     249       4.4954
     250       4.3119
     251       4.1587
     252       4.4043
     253       4.6412
     254       4.4706
     255       4.9675
     256       4.9001
     257       4.9191
     258       4.8163
     259       4.6868
     260       4.7776
     261       4.6361
     262       4.7588
     263       4.7266
     264       4.7509
     265       4.4410
     266       4.1090
     267       4.1287
     268       4.0754
     269       3.9706
     270       4.2239
     271       4.1201
     272       4.0746
     273       4.2114
     274       4.2990
     275       4.1884
     276       4.1920
     277       4.2179
     278       4.2628
     279       4.4012
     280       4.3568
     281       4.5602
     282       4.7703
     283       4.5960
     284       4.6306
     285       4.6906
     286       4.9312
     287       4.8604
     288       4.9236
     289       4.8368
     290       4.6256
     291       4.2781
     292       4.5094
     293       4.5332
     294       4.5779
     295       4.6376
     296       4.4468
     297       4.3574
     298       4.3051
     299       4.3978
     300       4.2938
     301       4.1236
     302       4.3379
     303       4.2594
     304       4.3132
     305       4.4671
     306       4.3447
     307       4.2236
     308       4.4182
     309       4.3973
     310       4.5001
     311       4.4382
     312       4.4716
     313       4.4359
     314       4.5196
     315       4.6959
     316       4.6650
     317       4.7498
     318       4.8226
     319       4.7105
     320       4.5961
     321       4.6226
     322       4.5777
     323       4.5497
     324       4.4199
     325       4.5972
     326       4.5338
     327       4.6666
     328       4.7062
     329       4.9459
     330       4.8166
     331       4.5495
     332       4.5257
     333       4.4060
     334       4.4977
     335       4.3714
     336       4.3162
     337       4.1939
     338       4.1470
     339       4.3360
     340       4.4778
     341       4.6612
     342       4.6304
     343       4.7308
     344       4.7399
     345       5.1137
     346       4.9778
     347       5.1567
     348       5.1592
     349       5.0530
     350       4.8672
     351       4.9409
     352       5.1009
     353       4.7769
     354       4.6484
     355       4.5590
     356       4.6572
     357       4.8152
     358       4.7430
     359       4.9597
     360       5.1118
     361       5.0831
     362       4.9704
     363       4.8956
     364       5.1989
     365       5.5410
     366       5.4759
     367       5.0680
     368       5.1084
     369       4.9470
     370       4.7908
     371       4.5162
     372       4.5341
     373       4.6249
     374       4.5654
     375       4.9689
     376       4.9719
     377       4.8075
     378       4.9567
     379       5.3214
     380       5.3418
     381       5.4992
     382       5.2600
     383       5.0751
     384       5.3481
     385       5.2511
     386       5.5488
     387       5.7581
     388       5.4611
     389       5.5435
     390       5.0873
     391       4.8243
     392       4.4483
     393       4.7282
     394       4.8429
     395       4.8332
     396       4.6103
     397       4.6653
     398       4.7966
     399       4.7873
     400       4.5482
     401       4.3386
     402       4.5258
     403       4.4362
     404       4.4753
     405       4.3344
     406       4.3523
     407       4.1557
     408       4.0691
     409       3.9898
     410       4.0644
     411       3.8218
     412       3.7130
     413       3.5703
     414       3.6258
     415       3.5280
     416       3.5104
     417       3.5403
     418       3.3239
     419       3.5231
     420       3.3751
     421       3.6491
     422       3.3662
     423       3.3274
     424       3.3019
     425       3.4864
     426       3.6455
     427       3.7121
     428       3.7411
     429       3.8438
     430       4.0234
     431       3.5898
     432       3.8303
     433       3.9585
     434       4.3295
     435       4.3339
     436       4.1090
     437       4.3154
     438       4.1790
     439       4.1135
     440       4.0695
     441       4.4380
     442       4.6114
     443       4.5156
     444       4.7913
     445       4.6778
     446       4.5375
     447       4.6212
     448       4.6411
     449       4.7737
     450       4.5427
     451       4.7560
     452       4.6589
     453       4.4018
     454       4.5532
     455       4.6569
     456       4.7827
     457       5.2790
     458       5.2195
     459       5.2240
     460       5.1121
     461       5.0312
     462       5.0151
     463       5.0059
     464       4.7919
     465       5.0037
     466       4.8834
     467       4.7496
     468       4.6725
     469       4.6262
     470       4.3909
     471       4.3326
     472       4.1817
     473       4.3025
     474       4.5062
     475       4.6738
     476       4.5100
     477       4.1111
     478       4.2480
     479       4.2798
     480       4.2187
     481       4.5050
     482       4.6916
     483       4.7360
     484       4.7416
     485       4.7134
     486       4.4540
     487       4.6961
     488       4.7192
     489       4.9215
     490       4.9673
     491       5.5077
     492       5.3661
     493       5.6426
     494       5.6643
     495       5.4348
     496       5.3130
     497       5.2986
     498       5.0862
     499       5.2246
     500       5.4956
     501       5.0202
     502       5.1966
     503       5.1044
     504       5.0224
     505       5.1246
     506       4.8914
     507       5.0656
     508       5.2977
     509       5.5524
     510       5.6026
     511       5.6167
     512       5.2885
     513       5.2116
     514       5.1019
     515       5.3811
     516       5.8323
     517       6.1715
     518       5.6815
     519       5.6634
     520       5.8403
     521       5.6248
     522       5.5102
     523       5.2784
     524       5.1148
     525       5.1261
     526       5.0632
     527       5.1242
     528       4.7819
     529       4.7828
     530       4.6612
     531       5.0846
     532       4.9327
     533       4.9058
     534       4.4822
     535       4.6821
     536       4.7000
     537       4.5646
     538       4.6352
     539       4.4169
     540       4.5319
     541       4.5378
     542       4.5842
     543       4.5568
     544       4.3247
     545       4.3442
     546       4.3444
     547       4.4703
     548       4.5146
     549       4.7834
     550       5.0003
     551       5.4464
     552       5.2511
     553       5.1305
     554       4.8528
     555       4.9951
     556       5.0745
     557       5.2260
     558       5.3818
     559       5.3580
     560       5.2770
     561       5.0265
     562       4.8797
     563       5.0201
     564       5.2453
     565       5.3671
     566       5.4863
     567       5.1841
     568       5.4323
     569       5.2676
     570       5.3313
     571       5.1709
     572       5.0016
     573       4.9882
     574       5.0530
     575       5.3859
     576       4.9818
     577       4.8267
     578       4.9183
     579       4.9134
     580       5.0358
     581       5.1287
     582       5.1835
     583       5.1940
     584       5.2985
     585       5.3942
     586       5.4581
     587       5.6158
     588       5.4374
     589       5.2089
     590       5.4396
     591       5.0018
     592       4.8442
     593       4.9503
     594       5.0001
     595       5.0303
     596       5.1672
     597       5.1345
     598       4.9368
     599       5.0985
     600       5.2972
     601       5.2648
     602       5.1504
     603       5.3779
     604       5.5842
     605       5.3184
     606       5.5164
     607       5.8573
     608       5.5069
     609       5.4730
     610       5.6793
     611       5.5265
     612       5.6422
     613       5.6699
     614       5.8814
     615       5.9833
     616       6.1282
     617       6.0743
     618       5.9532
     619       6.0002
     620       5.7463
     621       5.5582
     622       5.5459
     623       5.4619
     624       5.3997
     625       5.3258
     626       5.2395
     627       5.4938
     628       5.5083
     629       5.7189
     630       5.6489
     631       5.4978
     632       5.5048
     633       5.5625
     634       5.5594
     635       6.1069
     636       5.8715
     637       5.7757
     638       5.8734
     639       5.7787
     640       5.9099
     641       6.2168
     642       6.2224
     643       6.2859
     644       6.5938
     645       6.7835
     646       6.9106
     647       6.6751
     648       6.8173
     649       6.5543
     650       6.6147
     651       6.6318
     652       6.8063
     653       6.4291
     654       6.3080
     655       6.3947
     656       6.1501
     657       6.0219
     658       5.7895
     659       5.6196
     660       5.5489
     661       5.2605
     662       5.2256
     663       5.5392
     664       5.6189
     665       6.0858
     666       5.9967
     667       5.8865
     668       5.5101
     669       5.2599
     670       5.4205
     671       5.6450
     672       5.6861
     673       5.5047
     674       5.5284
     675       5.5154
     676       5.5586
     677       5.5212
     678       5.5366
     679       5.5811
     680       5.7980
     681       5.5473
     682       5.6356
     683       5.7995
     684       5.6580
     685       5.6219
     686       5.5866
     687       5.5918
     688       5.5537
     689       5.6963
     690       5.7077
     691       5.4846
     692       5.7540
     693       5.8798
     694       5.5075
     695       5.3677
     696       5.1647
     697       5.0416
     698       5.2085
     699       5.0807
     700       5.1419
     701       5.2736
     702       5.1729
     703       5.3148
     704       5.4581
     705       5.2437
     706       5.2634
     707       5.3272
     708       5.1684
     709       5.1889
     710       4.8946
     711       5.0014
     712       4.8362
     713       5.0503
     714       5.2745
     715       5.2199
     716       5.0433
     717       5.0098
     718       4.8767
     719       4.9115
     720       4.8163
     721       5.0881
     722       4.9848
     723       4.8669
     724       5.2241
     725       5.2709
     726       5.3157
     727       5.4969
     728       5.5300
     729       5.4786
     730       5.4453
     731       5.2069
     732       5.1610
     733       5.1595
     734       5.0648
     735       4.8989
     736       4.9665
     737       5.3029
     738       5.4589
     739       5.5277
     740       5.3137
     741       5.7311
     742       5.6014
     743       5.5274
     744       5.6629
     745       5.8499
     746       5.9354
     747       5.4640
     748       5.3834
     749       5.0818
     750       5.0305
     751       5.0439
     752       5.3034
     753       5.2607
     754       5.3556
     755       5.4441
     756       5.7009
     757       5.9599
     758       6.1053
     759       6.0721
     760       6.2895
     761       5.8187
     762       5.9118
     763       5.8707
     764       5.8780
     765       5.8459
     766       5.9927
     767       5.9734
     768       6.0692
     769       5.9614
     770       6.1657
     771       5.8338
     772       5.9644
     773       6.1307
     774       6.3240
     775       6.8084
     776       6.8396
     777       6.8110
     778       6.6022
     779       6.4124
     780       6.3340
     781       5.8953
     782       5.9389
     783       6.5469
     784       6.7419
     785       6.2875
     786       6.6480
     787       6.6666
     788       6.7769
     789       6.6840
     790       6.8976
     791       6.9716
     792       7.1424
     793       7.0995
     794       7.1743
     795       7.0109
     796       6.8059
     797       6.4285
     798       6.0668
     799       6.2358
     800       5.9183
     801       5.9176
     802       6.0572
     803       6.3131
     804       6.2388
     805       6.5180
     806       6.4425
     807       6.5079
     808       6.3032
     809       6.3563
     810       6.2324
     811       6.3975
     812       6.4310
     813       6.4248
     814       6.7512
     815       6.6747
     816       6.7347
     817       6.6922
     818       6.9020
     819       6.5237
     820       6.5075
     821       6.5514
     822       6.4435
     823       6.2958
     824       6.4370
     825       6.2002
     826       6.1726
     827       6.2198
     828       6.0139
     829       6.0010
     830       6.0504
     831       6.2283
     832       6.1657
     833       5.7850
     834       5.9187
     835       5.7383
     836       5.7105
     837       5.8582
     838       5.5837
     839       5.8759
     840       5.3861
     841       5.5607
     842       5.6069
     843       5.1783
     844       5.4231
     845       5.2887
     846       5.1860
     847       5.1764
     848       5.0260
     849       4.6578
     850       4.8783
     851       4.8600
     852       4.6948
     853       4.3186
     854       4.7444
     855       4.6172
     856       4.9090
     857       4.7772
     858       4.7901
     859       4.8750
     860       5.0020
     861       4.6438
     862       4.7210
     863       4.9215
     864       4.9800
     865       5.2061
     866       5.0536
     867       5.4214
     868       5.3449
     869       5.4799
     870       5.5722
     871       5.6478
     872       5.7996
     873       5.7401
     874       5.9836
     875       5.8957
     876       5.6517
     877       5.5996
     878       5.3560
     879       5.6155
     880       5.6797
     881       5.8523
     882       5.7971
     883       5.6994
     884       5.3943
     885       5.1057
     886       5.0033
     887       5.1035
     888       5.0424
     889       4.9405
     890       4.9629
     891       5.3228
     892       5.4070
     893       5.2324
     894       5.3088
     895       5.6033
     896       6.0332
     897       5.9654
     898       5.5902
     899       5.7655
     900       5.4454
     901       5.2906
     902       5.3020
     903       5.1586
     904       5.3688
     905       5.4894
     906       5.7114
     907       5.7671
     908       5.7662
     909       5.7997
     910       5.4522
     911       5.0486
     912       5.1792
     913       5.1116
     914       5.0129
     915       4.9325
     916       4.7375
     917       4.6942
     918       5.1428
     919       5.1118
     920       5.0742
     921       5.2697
     922       5.3116
     923       5.0761
     924       5.1500
     925       5.1535
     926       5.1338
     927       5.1973
     928       5.0916
     929       4.9278
     930       5.0310
     931       4.9132
     932       4.9941
     933       5.2362
     934       5.1767
     935       5.0371
     936       5.0837
     937       5.1009
     938       4.9992
     939       4.4456
     940       4.5356
     941       4.8830
     942       5.0489
     943       5.3529
     944       5.1696
     945       5.0969
     946       5.1128
     947       5.0325
     948       4.8146
     949       4.8717
     950       4.5329
     951       4.4121
     952       4.3666
     953       4.5600
     954       4.8854
     955       4.9466
     956       4.8448
     957       4.8911
     958       4.9753
     959       4.8393
     960       4.7308
     961       4.6907
     962       4.6600
     963       4.6416
     964       4.6405
     965       5.0114
     966       5.2621
     967       5.1378
     968       5.2507
     969       5.3296
     970       5.8392
     971       6.1471
     972       6.1622
     973       6.1207
     974       5.9087
     975       5.9117
     976       6.1586
     977       6.5395
     978       6.1522
     979       6.2156
     980       6.2198
     981       6.0480
     982       5.5915
     983       5.3122
     984       5.5828
     985       5.5727
     986       5.3671
     987       5.3398
     988       5.3114
     989       5.3341
     990       5.2668
     991       5.3250
     992       5.1812
     993       5.5270
     994       5.3993
     995       5.1640
     996       5.1983
     997       5.1113
     998       5.3599
     999       5.4527
    1000       5.9116
    1001       5.8338
    1002       5.4856
    1003       5.2008
    1004       5.2589
    1005       5.3286
    1006       5.3015
    1007       5.2772
    1008       5.1246
    1009       4.9342
    1010       5.0941
    1011       5.2236
    1012       5.5419
    1013       5.5050
    1014       5.4807
    1015       5.6233
    1016       5.5602
    1017       5.6553
    1018       5.6969
    1019       6.1905
    1020       6.0414
    1021       5.8056
    1022       5.9694
    1023       5.9459
    1024       5.9003
    1025       5.6390
    1026       5.4670
    1027       5.6269
    1028       5.3979
    1029       5.3490
    1030       5.4349
    1031       5.5581
    1032       5.3956
    1033       5.9498
    1034       6.0989
    1035       5.9337
    1036       5.9314
    1037       5.9866
    1038       5.8468
    1039       5.8546
    1040       5.9324
    1041       6.0798
    1042       5.8551
    1043       5.7868
    1044       5.7330
    1045       5.7299
    1046       5.8525
    1047       5.8423
    1048       5.7713
    1049       5.5507
    1050       5.8864
    1051       6.4867
    1052       6.5143
    1053       6.3964
    1054       6.1116
    1055       6.1120
    1056       5.9305
    1057       5.9001
    1058       6.0010
    1059       5.7680
    1060       5.6836
    1061       5.9686
    1062       5.4855
    1063       5.4355
    1064       5.3387
    1065       5.0610
    1066       4.8116
    1067       4.5656
    1068       4.7730
    1069       4.9699
    1070       4.9334
    1071       5.1281
    1072       5.4255
    1073       5.2277
    1074       5.4837
    1075       5.4699
    1076       5.2384
    1077       5.0159
    1078       4.8010
    1079       4.6438
    1080       4.6391
    1081       4.5349
    1082       4.8514
    1083       4.8963
    1084       5.1273
    1085       5.0940
    1086       5.1633
    1087       5.1569
    1088       5.0964
    1089       5.0263
    1090       4.8792
    1091       4.6376
    1092       4.8588
    1093       4.5304
    1094       4.5734
    1095       4.3195
    1096       4.3026
    1097       4.2569
    1098       4.2935
    1099       4.0023
    1100       3.9532
    1101       4.0515
    1102       3.5706
    1103       3.5937
    1104       3.5240
    1105       3.5731
    1106       3.3588
    1107       3.5349
    1108       3.6628
    1109       3.7774
    1110       3.7815
    1111       3.7201
    1112       3.8060
    1113       3.9552
    1114       3.7712
    1115       4.1127
    1116       4.1712
    1117       4.2350
    1118       4.3355
    1119       4.3505
    1120       4.5130
    1121       4.5765
    1122       4.8585
    1123       4.9312
    1124       5.2068
    1125       5.2987
    1126       5.2228
    1127       4.8732
    1128       4.6477
    1129       5.0048
    1130       4.9648
    1131       4.9470
    1132       5.0844
    1133       4.9194
    1134       5.1416
    1135       5.0465
    1136       4.8729
    1137       5.0842
    1138       4.8596
    1139       4.9064
    1140       5.1197
    1141       5.3741
    1142       5.3785
    1143       5.3849
    1144       6.0038
    1145       5.9192
    1146       6.3362
    1147       6.0557
    1148       5.8871
    1149       6.0003
    1150       6.2439
    1151       6.0471
    1152       5.7585
    1153       5.5300
    1154       5.2082
    1155       5.4923
    1156       5.8747
    1157       5.8137
    1158       5.6425
    1159       5.7523
    1160       5.6137
    1161       5.9244
    1162       5.6430
    1163       5.7190
    1164       5.8993
    1165       6.0122
    1166       5.9826
    1167       6.4346
    1168       6.3287
    1169       6.1835
    1170       5.9861
    1171       6.2159
    1172       6.3511
    1173       6.2344
    1174       5.9663
    1175       5.9323
    1176       6.0730
    1177       5.9102
    1178       5.6803
    1179       5.7716
    1180       5.8277
    1181       5.9959
    1182       6.2637
    1183       6.4834
    1184       6.7234
    1185       6.3118
    1186       6.6198
    1187       6.4999
    1188       6.3386
    1189       6.5866
    1190       6.3912
    1191       6.0769
    1192       6.3863
    1193       6.6459
    1194       6.8721
    1195       6.7545
    1196       6.4609
    1197       6.6225
    1198       6.7009
    1199       6.7483
    1200       6.7545
    1201       6.7387
    1202       6.7346
    1203       6.5904
    1204       6.3663
    1205       5.9271
    1206       6.4034
    1207       6.5304
    1208       6.6033
    1209       6.4848
    1210       6.6648
    1211       6.3122
    1212       6.1944
    1213       6.2841
    1214       6.2228
    1215       6.0788
    1216       5.9690
    1217       6.2092
    1218       6.1634
    1219       6.0655
    1220       6.2422
    1221       5.9800
    1222       5.8991
    1223       6.1766
    1224       5.8417
    1225       5.6646
    1226       5.8315
    1227       5.0818
    1228       5.0221
    1229       5.1130
    1230       4.9786
    1231       5.0223
    1232       4.8855
    1233       4.9329
    1234       4.7388
    1235       4.5446
    1236       4.5255
    1237       4.7166
    1238       4.8187
    1239       4.8484
    1240       4.9902
    1241       5.0980
    1242       4.9520
    1243       4.8424
    1244       4.1944
    1245       4.2817
    1246       4.3862
    1247       4.5759
    1248       4.8066
    1249       4.6852
    1250       4.3532
    1251       4.4333
    1252       4.4739
    1253       4.4842
    1254       4.1389
    1255       4.1891
    1256       4.0044
    1257       4.2679
    1258       4.4221
    1259       4.4901
    1260       4.4217
    1261       4.4487
    1262       4.4523
    1263       4.6284
    1264       4.3385
    1265       4.2753
    1266       4.4909
    1267       4.6262
    1268       4.3438
    1269       4.1840
    1270       4.1642
    1271       4.1084
    1272       4.2598
    1273       4.3674
    1274       4.3099
    1275       4.1930
    1276       4.3266
    1277       4.2942
    1278       4.4132
    1279       4.5100
    1280       4.5988
    1281       4.5498
    1282       4.6200
    1283       4.6008
    1284       4.2281
    1285       4.0637
    1286       4.3421
    1287       4.6507
    1288       4.6835
    1289       4.5754
    1290       4.4604
    1291       4.3101
    1292       4.3837
    1293       4.6033
    1294       4.5815
    1295       4.7386
    1296       4.5295
    1297       4.5251
    1298       4.5323
    1299       4.6454
    1300       4.5260
    1301       4.6054
    1302       4.4661
    1303       4.5675
    1304       4.7739
    1305       4.8245
    1306       4.9978
    1307       4.8866
    1308       4.6789
    1309       4.4502
    1310       4.5648
    1311       4.7217
    1312       5.0679
    1313       5.2512
    1314       5.1374
    1315       5.2407
    1316       4.9883
    1317       4.9665
    1318       4.9195
    1319       4.7807
    1320       4.8477
    1321       4.8525
    1322       4.8493
    1323       4.7150
    1324       4.4791
    1325       4.5119
    1326       4.0666
    1327       4.0233
    1328       4.0174
    1329       4.1803
    1330       4.2387
    1331       4.3587
    1332       4.2916
    1333       4.4825
    1334       4.3188
    1335       4.6990
    1336       4.7210
    1337       5.0497
    1338       5.2038
    1339       5.4145
    1340       4.6507
    1341       5.1335
    1342       5.2445
    1343       5.2746
    1344       5.0349
    1345       5.0215
    1346       4.9926
    1347       5.4407
    1348       5.3560
    1349       5.2250
    1350       5.6000
    1351       5.8742
    1352       6.1276
    1353       6.0847
    1354       6.1414
    1355       6.2845
    1356       6.2616
    1357       6.1856
    1358       6.0840
    1359       6.2259
    1360       5.7594
    1361       5.6973
    1362       5.5136
    1363       5.3728
    1364       5.6052
    1365       6.1237
    1366       5.7109
    1367       5.8784
    1368       5.5870
    1369       5.5843
    1370       5.6382
    1371       5.5433
    1372       5.5116
    1373       5.5376
    1374       5.4608
    1375       5.6018
    1376       5.5878
    1377       5.9604
    1378       5.7690
    1379       5.6394
    1380       5.5295
    1381       5.7228
    1382       5.5626
    1383       5.5277
    1384       5.6886
    1385       5.6502
    1386       5.4814
    1387       5.6026
    1388       5.6310
    1389       5.6640
    1390       5.7060
    1391       5.5384
    1392       5.5004
    1393       5.9644
    1394       5.7975
    1395       5.8330
    1396       5.6235
    1397       6.0067
    1398       6.2106
    1399       6.2720
    1400       6.1725
    1401       6.0668
    1402       6.3654
    1403       6.2423
    1404       6.2502
    1405       6.6205
    1406       6.3384
    1407       6.4225
    1408       6.3298
    1409       6.5275
    1410       6.3937
    1411       6.6168
    1412       6.6867
    1413       6.5613
    1414       6.6141
    1415       6.8096
    1416       6.9625
    1417       7.1357
    1418       7.0533
    1419       7.0566
    1420       7.5120
    1421       7.1503
    1422       7.5309
    1423       7.7430
    1424       7.7869
    1425       8.2337
    1426       8.2256
    1427       8.1955
    1428       8.1341
    1429       7.9452
    1430       7.6116
    1431       7.7226
    1432       7.2885
    1433       7.5705
    1434       7.7656
    1435       7.6463
    1436       7.5412
    1437       7.5334
    1438       7.5752
    1439       7.6633
    1440       7.6983
    1441       7.7274
    1442       8.1074
    1443       8.0827
    1444       7.6681
    1445       7.2777
    1446       7.2693
    1447       7.2473
    1448       6.9184
    1449       6.6036
    1450       6.4990
    1451       6.4006
    1452       6.2323
    1453       6.0885
    1454       6.1215
    1455       5.8647
    1456       5.8328
    1457       5.9348
    1458       5.8749
    1459       6.1718
    1460       5.8896
    1461       5.7788
    1462       5.5914
    1463       6.0387
    1464       5.7828
    1465       5.6925
    1466       6.3066
    1467       6.1354
    1468       6.1263
    1469       6.2674
    1470       6.4525
    1471       6.5313
    1472       6.2995
    1473       5.9850
    1474       6.0408
    1475       6.3361
    1476       6.3381
    1477       6.0085
    1478       6.2490
    1479       6.3296
    1480       6.1297
    1481       6.4036
    1482       6.2728
    1483       5.9031
    1484       6.0499
    1485       6.3622
    1486       6.4812
    1487       6.4087
    1488       6.6429
    1489       6.5042
    1490       6.3648
    1491       6.2430
    1492       6.1089
    1493       6.3125
    1494       6.5484
    1495       6.3936
    1496       6.5232
    1497       6.8138
    1498       6.8118
    1499       7.1324
    1500       7.3622
    1501       6.9816
    1502       7.2802
    1503       7.2337
    1504       7.0595
    1505       7.0125
    1506       6.9562
    1507       6.9059
    1508       6.8948
    1509       6.5951
    1510       6.6254
    1511       6.5683
    1512       6.6811
    1513       6.6146
    1514       6.2535
    1515       6.2321
    1516       6.4593
    1517       6.6629
    1518       6.9311
    1519       7.0488
    1520       6.8020
    1521       6.8655
    1522       7.5542
    1523       7.2885
    1524       7.2660
    1525       7.2965
    1526       7.5344
    1527       7.5239
    1528       7.4985
    1529       7.4424
    1530       7.2687
    1531       7.2892
    1532       7.4140
    1533       7.3373
    1534       7.4467
    1535       7.3322
    1536       7.3606
    1537       7.3468
    1538       7.2425
    1539       6.9826
    1540       6.9427
    1541       6.9217
    1542       6.9073
    1543       6.9012
    1544       7.0286
    1545       7.1570
    1546       7.0645
    1547       6.8704
    1548       6.6390
    1549       6.8194
    1550       7.0203
    1551       7.0864
    1552       7.1294
    1553       7.0448
    1554       7.2455
    1555       7.0487
    1556       7.2617
    1557       7.3242
    1558       7.2816
    1559       7.0443
    1560       7.0962
    1561       6.8785
    1562       6.8640
    1563       6.7211
    1564       6.6893
    1565       6.4587
    1566       6.2457
    1567       6.1192
    1568       6.2935
    1569       6.2592
    1570       6.4874
    1571       6.5288
    1572       6.3987
    1573       6.5988
    1574       6.7090
    1575       6.7283
    1576       6.7457
    1577       6.9319
    1578       6.9554
    1579       7.1156
    1580       6.9835
    1581       7.0751
    1582       7.2745
    1583       7.2369
    1584       7.2766
    1585       7.3002
    1586       7.0772
    1587       7.1055
    1588       6.7038
    1589       6.6283
    1590       6.5201
    1591       6.5699
    1592       6.4887
    1593       6.4486
    1594       6.5154
    1595       6.5478
    1596       6.6490
    1597       6.5341
    1598       6.6917
    1599       6.4302
    1600       6.5517
    1601       6.4213
    1602       6.2572
    1603       6.3455
    1604       6.3741
    1605       6.4600
    1606       6.7179
    1607       6.7262
    1608       6.9988
    1609       6.9284
    1610       6.9909
    1611       6.8826
    1612       7.2367
    1613       7.0390
    1614       6.8326
    1615       7.0577
    1616       7.2240
    1617       7.1853
    1618       7.2713
    1619       7.4114
    1620       7.1535
    1621       7.2393
    1622       7.0831
    1623       7.0732
    1624       7.0935
    1625       7.2493
    1626       7.0352
    1627       7.0114
    1628       7.1604
    1629       7.1769
    1630       6.9759
    1631       6.8812
    1632       6.8015
    1633       6.7632
    1634       6.8118
    1635       6.9286
    1636       6.7662
    1637       6.5010
    1638       6.3135
    1639       6.6631
    1640       6.7989
    1641       6.7077
    1642       6.7348
    1643       6.7545
    1644       6.7611
    1645       6.5722
    1646       6.5385
    1647       6.6463
    1648       6.5319
    1649       6.5944
    1650       6.5291
    1651       6.4719
    1652       6.2078
    1653       6.3652
    1654       6.4422
    1655       6.3851
    1656       6.5367
    1657       6.3378
    1658       6.5739
    1659       6.4990
    1660       6.4641
    1661       6.3149
    1662       6.2361
    1663       5.9439
    1664       6.1952
    1665       6.4747
    1666       6.2993
    1667       6.2471
    1668       6.1628
    1669       6.2300
    1670       6.1404
    1671       5.7749
    1672       5.4565
    1673       5.3053
    1674       5.1140
    1675       5.3961
    1676       5.3313
    1677       5.4102
    1678       5.6159
    1679       5.4914
    1680       5.5331
    1681       5.5392
    1682       5.3106
    1683       5.4787
    1684       5.3896
    1685       5.5955
    1686       5.2576
    1687       5.4003
    1688       5.6217
    1689       5.6072
    1690       5.7612
    1691       5.5566
    1692       5.6532
    1693       5.3300
    1694       5.2713
    1695       5.2367
    1696       5.2216
    1697       5.3559
    1698       5.3993
    1699       5.4191
    1700       5.3287
    1701       5.3733
    1702       5.3591
    1703       4.9539
    1704       4.8238
    1705       4.8444
    1706       4.6812
    1707       4.8934
    1708       4.9409
    1709       4.6074
    1710       4.5429
    1711       4.7787
    1712       4.9434
    1713       4.7914
    1714       5.0005
    1715       4.8361
    1716       4.9188
    1717       4.9345
    1718       4.9594
    1719       5.1977
    1720       5.2063
    1721       5.3215
    1722       5.2682
    1723       5.2174
    1724       4.9993
    1725       5.5863
    1726       5.5714
    1727       5.8159
    1728       5.8424
    1729       5.4798
    1730       5.6482
    1731       5.3296
    1732       5.4950
    1733       5.8953
    1734       5.8177
    1735       5.5917
    1736       5.7257
    1737       5.6714
    1738       5.6093
    1739       5.4922
    1740       5.3495
    1741       5.3031
    1742       5.2187
    1743       5.4693
    1744       5.6422
    1745       5.5116
    1746       5.5003
    1747       5.5642
    1748       5.3603
    1749       5.3618
    1750       5.7958
    1751       5.6303
    1752       5.5432
    1753       5.6212
    1754       5.8433
    1755       5.7835
    1756       5.6188
    1757       5.6002
    1758       5.4315
    1759       5.4593
    1760       5.1033
    1761       5.2792
    1762       5.0889
    1763       5.2272
    1764       5.2816
    1765       5.5199
    1766       5.6761
    1767       5.5533
    1768       5.5745
    1769       5.3365
    1770       5.2852
    1771       5.2018
    1772       5.1436
    1773       5.1714
    1774       4.9924
    1775       5.0307
    1776       5.2512
    1777       5.4082
    1778       5.0284
    1779       5.2926
    1780       5.0958
    1781       4.9264
    1782       4.9433
    1783       4.8939
    1784       5.3716
    1785       5.2963
    1786       5.2109
    1787       5.4815
    1788       5.4315
    1789       5.5736
    1790       5.4923
    1791       5.7602
    1792       5.8612
    1793       5.6805
    1794       5.7059
    1795       5.7824
    1796       6.0001
    1797       6.2169
    1798       6.4116
    1799       6.2282
    1800       5.8681
    1801       6.0215
    1802       6.0824
    1803       6.3186
    1804       6.4110
    1805       6.1630
    1806       6.0279
    1807       6.0144
    1808       6.0175
    1809       6.1333
    1810       5.7945
    1811       5.6786
    1812       5.6204
    1813       5.7010
    1814       5.8757
    1815       5.7378
    1816       5.4707
    1817       5.2918
    1818       4.9989
    1819       5.1802
    1820       5.3830
    1821       5.5782
    1822       5.4528
    1823       5.4428
    1824       5.2918
    1825       5.2700
    1826       5.2864
    1827       5.5254
    1828       5.7456
    1829       6.0290
    1830       5.8312
    1831       5.8817
    1832       5.6720
    1833       5.9185
    1834       6.0105
    1835       6.0075
    1836       6.1665
    1837       6.0501
    1838       5.9458
    1839       5.8635
    1840       5.8990
    1841       5.8331
    1842       6.0665
    1843       5.9843
    1844       6.0320
    1845       6.0141
    1846       6.3476
    1847       6.3335
    1848       6.6699
    1849       6.2773
    1850       6.0580
    1851       5.8014
    1852       5.6876
    1853       5.6423
    1854       5.5666
    1855       5.6430
    1856       5.8346
    1857       5.7211
    1858       5.7668
    1859       5.7457
    1860       5.8832
    1861       6.0123
    1862       5.8027
    1863       5.7911
    1864       5.7668
    1865       5.9192
    1866       5.9534
    1867       5.9778
    1868       6.0466
    1869       5.9087
    1870       5.9616
    1871       6.0012
    1872       6.1114
    1873       6.0351
    1874       5.9441
    1875       6.0662
    1876       5.8693
    1877       5.8457
    1878       5.9991
    1879       6.1121
    1880       6.0253
    1881       6.1544
    1882       5.9714
    1883       6.0051
    1884       6.0815
    1885       5.9055
    1886       6.0398
    1887       6.1075
    1888       6.0646
    1889       6.0018
    1890       5.9127
    1891       6.0414
    1892       5.9092
    1893       6.0171
    1894       5.9044
    1895       5.8969
    1896       5.9471
    1897       5.9614
    1898       5.9594
    1899       5.9878
    1900       6.0538
    1901       5.9685
    1902       5.9884
    1903       6.0297
    1904       5.9838
    1905       6.0010
    1906       6.0386
    1907       6.0311
    1908       6.0527
    1909       6.0487
    1910       5.8954
    1911       6.1150
    1912       5.9950
    1913       5.9030
    1914       6.0521
    1915       6.1373
    1916       5.9424
    1917       5.9927
    1918       5.9340
    1919       6.0496
    1920       5.8864
    1921       6.0506
    1922       5.9866
    1923       5.6890
    1924       5.7323
    1925       5.8267
    1926       5.9950
    1927       5.7210
    1928       5.5521
    1929       5.7457
    1930       5.4954
    1931       5.5411
    1932       5.6135
    1933       5.2183
    1934       5.4517
    1935       5.3674
    1936       5.6821
    1937       5.8249
    1938       5.9822
    1939       5.7315
    1940       5.7697
    1941       5.7381
    1942       5.6762
    1943       5.8318
    1944       6.0039
    1945       6.2181
    1946       6.4595
    1947       6.3286
    1948       6.5526
    1949       6.5589
    1950       6.3332
    1951       6.5527
    1952       6.5932
    1953       6.5547
    1954       6.4529
    1955       6.1717
    1956       6.4755
    1957       6.6196
    1958       6.5558
    1959       6.7547
    1960       6.5086
    1961       6.7348
    1962       6.5265
    1963       6.2864
    1964       6.4980
    1965       6.4249
    1966       6.1648
    1967       6.0711
    1968       5.9131
    1969       5.7849
    1970       5.5784
    1971       5.8048
    1972       5.6774
    1973       5.4880
    1974       5.5516
    1975       5.6500
    1976       5.6113
    1977       5.6199
    1978       5.8760
    1979       5.5203
    1980       5.7962
    1981       5.7568
    1982       5.9195
    1983       5.9874
    1984       6.1244
    1985       5.9021
    1986       5.6464
    1987       5.6386
    1988       5.6545
    1989       5.5342
    1990       5.6018
    1991       5.7715
    1992       5.7253
    1993       5.4198
    1994       5.4057
    1995       5.7145
    1996       5.7619
    1997       5.6175
    1998       5.4697
    1999       5.4496
    2000       5.4991
