#Frame     complexcut
       1       1.7790
       2       1.6809
       3       1.5659
       4       1.5921
       5       1.7495
       6       1.7661
       7       1.7868
       8       1.7975
       9       1.8030
      10       1.8957
      11       2.0203
      12       1.8707
      13       1.9066
      14       1.7508
      15       1.7579
      16       1.7591
      17       1.7314
      18       1.7401
      19       1.6638
      20       1.6541
      21       1.8223
      22       1.6978
      23       1.6998
      24       1.7900
      25       2.0342
      26       1.9528
      27       1.9741
      28       1.9673
      29       2.0325
      30       2.0433
      31       2.0420
      32       2.1190
      33       1.9647
      34       1.7501
      35       1.8161
      36       1.8662
      37       1.7996
      38       1.8087
      39       1.9449
      40       1.9347
      41       1.7653
      42       1.8610
      43       1.9759
      44       1.9423
      45       2.3206
      46       2.1753
      47       2.2594
      48       2.2662
      49       2.0718
      50       2.0216
      51       2.1937
      52       2.3175
      53       2.1142
      54       1.9713
      55       2.1475
      56       2.1408
      57       2.2616
      58       2.4203
      59       2.7484
      60       2.6519
      61       2.6052
      62       2.6023
      63       2.7193
      64       2.7450
      65       2.6544
      66       2.5904
      67       2.5730
      68       2.6582
      69       2.3818
      70       2.5516
      71       2.4699
      72       2.4037
      73       2.2365
      74       2.4106
      75       2.3699
      76       2.5046
      77       2.5583
      78       2.4406
      79       2.3693
      80       2.5956
      81       2.5539
      82       2.4011
      83       2.4999
      84       2.3568
      85       2.4091
      86       2.3729
      87       2.2394
      88       2.3919
      89       2.4413
      90       2.4718
      91       2.5011
      92       2.4570
      93       2.3472
      94       2.4082
      95       2.3950
      96       2.5928
      97       2.4948
      98       2.5697
      99       2.6564
     100       2.8530
     101       2.6134
     102       2.4973
     103       2.6403
     104       2.6311
     105       2.6870
     106       2.6808
     107       2.6240
     108       2.6512
     109       2.6670
     110       2.6794
     111       2.6994
     112       2.7656
     113       3.0768
     114       2.7931
     115       2.9857
     116       3.0336
     117       2.8777
     118       2.8855
     119       2.8799
     120       2.8059
     121       2.9971
     122       3.0375
     123       2.9518
     124       2.9475
     125       2.9783
     126       3.1319
     127       3.0826
     128       2.9904
     129       3.1516
     130       3.2197
     131       3.2876
     132       3.2593
     133       3.2325
     134       3.1411
     135       3.0511
     136       3.0520
     137       2.9266
     138       3.1049
     139       3.2526
     140       3.0642
     141       2.9603
     142       3.0834
     143       2.9855
     144       3.1073
     145       3.1314
     146       3.1072
     147       3.2524
     148       3.1991
     149       3.3580
     150       3.3655
     151       3.4103
     152       3.5300
     153       3.5436
     154       3.5448
     155       3.4173
     156       3.3233
     157       3.2726
     158       3.2558
     159       3.1684
     160       3.0873
     161       3.0222
     162       3.0153
     163       3.0637
     164       3.1465
     165       3.0339
     166       2.8838
     167       2.9039
     168       2.8922
     169       2.9617
     170       2.9830
     171       3.0040
     172       2.8761
     173       2.8728
     174       2.8573
     175       2.9255
     176       3.1097
     177       2.8686
     178       2.8638
     179       3.0692
     180       2.7757
     181       3.0035
     182       2.9421
     183       2.8996
     184       2.9117
     185       3.0417
     186       2.9603
     187       2.9501
     188       2.9556
     189       3.0612
     190       2.8739
     191       2.9289
     192       3.1847
     193       3.3222
     194       3.3193
     195       3.3032
     196       3.0990
     197       3.2150
     198       3.1445
     199       3.4316
     200       3.2923
     201       3.2254
     202       3.3363
     203       3.2964
     204       3.3502
     205       3.2839
     206       3.2048
     207       3.1206
     208       3.3376
     209       3.1612
     210       3.2221
     211       3.0656
     212       3.1924
     213       3.0981
     214       3.1574
     215       3.2905
     216       3.2962
     217       3.2369
     218       3.1849
     219       3.2165
     220       3.2976
     221       3.2459
     222       3.3838
     223       3.1337
     224       3.3216
     225       3.4868
     226       3.2711
     227       3.3787
     228       3.5213
     229       3.2984
     230       3.2432
     231       3.1480
     232       3.1819
     233       3.1190
     234       3.2727
     235       3.1401
     236       3.1866
     237       3.3534
     238       3.1712
     239       3.1183
     240       3.1338
     241       3.2223
     242       3.0580
     243       3.0226
     244       3.1067
     245       3.0875
     246       2.9689
     247       2.9735
     248       2.9807
     249       2.8202
     250       2.8411
     251       2.7917
     252       3.0338
     253       2.9575
     254       2.8541
     255       3.0747
     256       2.9814
     257       2.9855
     258       3.0083
     259       3.0666
     260       3.0044
     261       3.0460
     262       3.0349
     263       3.1090
     264       3.0962
     265       2.8832
     266       2.8664
     267       2.8368
     268       2.8441
     269       2.8508
     270       2.9130
     271       2.7924
     272       2.7888
     273       3.1074
     274       2.9109
     275       2.9465
     276       2.9188
     277       2.9792
     278       2.8853
     279       2.9374
     280       2.8346
     281       2.9255
     282       3.0296
     283       2.9301
     284       2.9685
     285       3.0019
     286       3.2141
     287       2.9972
     288       3.0347
     289       3.1000
     290       3.0573
     291       2.8737
     292       2.8722
     293       2.9336
     294       3.1174
     295       3.2028
     296       3.2194
     297       3.1016
     298       3.0219
     299       3.0550
     300       3.1125
     301       3.1523
     302       3.3107
     303       3.3626
     304       3.2555
     305       3.2510
     306       3.0690
     307       3.1068
     308       3.1062
     309       3.0715
     310       3.0530
     311       3.0404
     312       3.1654
     313       3.2263
     314       3.2426
     315       3.2198
     316       3.1160
     317       3.2163
     318       3.0611
     319       3.0242
     320       2.9253
     321       3.0304
     322       3.0033
     323       3.0985
     324       2.9122
     325       3.0662
     326       2.9136
     327       3.0884
     328       3.1796
     329       3.1042
     330       2.9603
     331       2.8523
     332       2.9084
     333       2.8980
     334       2.7924
     335       2.7769
     336       2.5815
     337       2.6402
     338       2.6566
     339       2.9106
     340       2.8871
     341       3.1226
     342       3.0084
     343       3.0293
     344       3.2389
     345       3.3000
     346       3.1949
     347       3.2206
     348       3.3069
     349       3.2399
     350       3.0931
     351       3.0499
     352       3.1037
     353       2.9189
     354       3.0293
     355       3.1823
     356       3.2488
     357       3.3639
     358       3.3467
     359       3.6075
     360       3.4538
     361       3.2775
     362       3.4755
     363       3.3045
     364       3.1898
     365       3.2689
     366       3.0314
     367       2.9196
     368       2.7940
     369       2.9737
     370       3.1083
     371       3.0624
     372       3.1594
     373       3.1899
     374       2.9385
     375       3.1619
     376       3.2052
     377       3.3056
     378       3.3605
     379       3.3519
     380       3.2352
     381       3.2481
     382       3.3937
     383       3.3569
     384       3.4189
     385       3.3494
     386       3.2641
     387       3.1957
     388       3.2526
     389       3.3881
     390       3.2418
     391       3.0315
     392       3.0979
     393       3.2190
     394       3.2276
     395       3.1514
     396       3.2168
     397       3.5185
     398       3.3856
     399       3.2279
     400       3.2387
     401       3.0520
     402       3.1845
     403       3.1458
     404       2.9175
     405       3.0858
     406       3.1880
     407       3.0904
     408       3.0287
     409       3.1160
     410       3.0916
     411       2.8782
     412       2.7348
     413       2.7237
     414       2.8530
     415       2.8678
     416       2.8143
     417       2.8559
     418       2.5843
     419       2.7672
     420       2.8190
     421       3.0082
     422       2.8546
     423       2.8258
     424       2.6692
     425       2.8237
     426       2.8869
     427       3.0312
     428       2.7685
     429       2.6968
     430       2.8943
     431       2.7746
     432       2.9424
     433       2.9785
     434       2.9865
     435       2.9004
     436       2.9516
     437       3.0026
     438       3.0105
     439       2.9228
     440       2.9481
     441       3.1658
     442       3.2462
     443       3.1967
     444       3.2738
     445       3.1580
     446       3.0854
     447       3.1978
     448       3.1795
     449       3.1412
     450       3.0713
     451       3.2418
     452       3.1499
     453       3.0034
     454       2.8239
     455       2.7980
     456       2.8676
     457       3.0018
     458       2.9808
     459       2.9364
     460       2.8084
     461       2.8199
     462       2.9869
     463       2.9808
     464       2.9082
     465       2.8792
     466       2.8742
     467       2.9018
     468       2.9631
     469       3.0006
     470       2.9085
     471       2.9222
     472       2.9295
     473       2.9383
     474       2.8521
     475       2.9614
     476       2.8435
     477       2.8381
     478       2.9190
     479       2.9945
     480       2.8434
     481       3.1321
     482       3.2102
     483       3.1607
     484       3.1129
     485       3.1216
     486       2.9958
     487       3.1900
     488       3.0996
     489       3.1990
     490       3.0806
     491       2.9429
     492       3.1802
     493       3.2840
     494       3.2337
     495       3.0815
     496       3.0775
     497       3.2229
     498       3.2540
     499       3.1832
     500       3.2313
     501       3.0852
     502       3.2195
     503       3.0075
     504       3.1340
     505       3.2889
     506       3.2371
     507       3.2392
     508       3.3815
     509       3.2386
     510       3.1460
     511       3.1134
     512       3.1186
     513       3.1986
     514       3.0179
     515       2.9696
     516       3.2155
     517       3.0478
     518       3.1436
     519       3.0166
     520       3.0481
     521       3.1920
     522       3.3702
     523       3.3363
     524       3.2746
     525       3.2645
     526       3.2040
     527       3.2302
     528       3.2873
     529       3.1697
     530       3.0942
     531       3.3075
     532       3.0703
     533       3.0837
     534       3.0395
     535       3.2566
     536       3.3534
     537       3.2896
     538       3.3934
     539       3.3919
     540       3.3665
     541       3.3009
     542       3.2994
     543       3.2300
     544       3.1467
     545       3.0667
     546       3.0701
     547       3.0613
     548       3.1575
     549       3.2611
     550       3.1395
     551       3.0774
     552       3.1424
     553       3.3132
     554       3.2336
     555       3.2008
     556       3.1400
     557       3.1465
     558       3.3129
     559       3.2749
     560       3.2356
     561       3.2151
     562       3.2356
     563       3.3384
     564       3.2665
     565       3.4909
     566       3.3326
     567       3.3132
     568       3.1567
     569       3.2620
     570       3.1081
     571       3.2108
     572       3.3129
     573       3.3766
     574       3.2720
     575       3.2343
     576       3.2074
     577       3.0646
     578       3.0719
     579       3.2292
     580       3.1414
     581       3.1861
     582       3.1389
     583       2.9984
     584       2.9800
     585       3.1943
     586       3.2162
     587       3.1085
     588       3.2749
     589       3.0567
     590       3.2347
     591       2.7879
     592       2.6009
     593       2.8289
     594       2.8059
     595       2.6567
     596       2.7147
     597       2.7734
     598       2.7950
     599       2.7124
     600       2.8331
     601       2.6178
     602       2.5606
     603       2.5795
     604       2.7526
     605       2.6513
     606       2.9056
     607       2.9914
     608       2.7659
     609       2.7945
     610       2.8501
     611       2.9949
     612       2.8751
     613       2.8505
     614       2.9636
     615       3.1275
     616       3.0967
     617       3.1099
     618       3.0335
     619       2.9733
     620       2.9932
     621       3.1610
     622       3.0419
     623       3.0693
     624       2.9869
     625       3.0160
     626       2.9921
     627       3.2027
     628       3.2764
     629       3.3474
     630       3.4952
     631       3.2384
     632       3.2240
     633       3.1653
     634       3.1841
     635       3.2285
     636       3.1961
     637       3.0551
     638       3.0127
     639       3.0315
     640       3.0064
     641       3.1175
     642       3.1043
     643       3.1173
     644       3.1265
     645       3.2499
     646       3.3724
     647       3.1921
     648       3.2091
     649       3.2096
     650       3.3853
     651       3.3929
     652       3.3440
     653       3.2732
     654       3.1956
     655       3.0718
     656       3.1462
     657       3.1428
     658       3.0941
     659       3.1328
     660       2.9289
     661       3.1861
     662       3.0989
     663       2.8683
     664       2.9778
     665       3.0083
     666       2.9914
     667       2.9511
     668       2.8942
     669       3.1892
     670       2.8642
     671       3.1709
     672       3.1282
     673       3.0850
     674       3.1401
     675       3.1925
     676       3.2520
     677       3.3066
     678       3.1991
     679       3.2602
     680       3.2369
     681       3.1483
     682       3.1324
     683       3.0483
     684       2.9261
     685       2.9815
     686       2.9171
     687       3.0664
     688       2.9267
     689       2.9435
     690       2.9920
     691       2.9069
     692       2.9766
     693       2.7813
     694       2.6949
     695       2.8862
     696       2.7284
     697       2.8589
     698       2.8928
     699       2.9556
     700       2.9548
     701       2.9871
     702       2.9727
     703       3.0197
     704       3.1151
     705       2.9010
     706       2.8872
     707       2.8244
     708       2.8256
     709       2.9999
     710       2.8869
     711       2.7557
     712       2.7290
     713       2.8334
     714       2.7869
     715       2.7894
     716       2.7782
     717       3.1279
     718       3.0517
     719       2.9414
     720       2.8324
     721       2.9273
     722       2.8047
     723       2.8695
     724       2.7866
     725       2.9129
     726       2.9479
     727       2.9352
     728       2.8182
     729       2.7690
     730       2.7225
     731       2.5722
     732       2.5775
     733       2.7006
     734       2.7170
     735       2.4743
     736       2.7632
     737       2.8703
     738       2.9405
     739       2.9230
     740       2.8666
     741       2.9103
     742       3.0013
     743       2.9036
     744       3.0215
     745       3.0911
     746       3.0724
     747       3.0562
     748       3.1107
     749       2.7321
     750       2.8593
     751       2.7450
     752       2.9538
     753       2.7134
     754       2.8313
     755       2.7969
     756       2.7762
     757       2.6260
     758       2.7102
     759       2.8500
     760       2.8105
     761       2.9025
     762       2.7618
     763       2.6923
     764       2.6939
     765       2.7512
     766       2.8881
     767       2.8374
     768       2.8110
     769       2.7383
     770       2.8670
     771       2.6978
     772       2.7905
     773       2.9130
     774       2.8782
     775       2.8823
     776       2.7853
     777       2.8920
     778       2.6992
     779       2.6427
     780       2.6748
     781       2.7330
     782       2.8600
     783       2.9806
     784       2.9441
     785       2.9151
     786       2.9990
     787       2.9300
     788       3.0172
     789       2.8490
     790       2.8969
     791       2.8504
     792       3.1863
     793       3.0410
     794       2.8648
     795       2.8160
     796       2.9444
     797       2.9096
     798       3.1295
     799       3.2341
     800       3.1227
     801       3.1877
     802       3.2229
     803       3.3627
     804       3.4231
     805       3.4463
     806       3.2769
     807       3.5919
     808       3.3155
     809       3.2664
     810       3.1129
     811       3.3626
     812       3.2915
     813       3.2074
     814       3.0736
     815       2.9786
     816       3.0279
     817       3.1693
     818       3.1575
     819       2.9582
     820       2.9404
     821       3.0189
     822       3.0337
     823       3.1184
     824       3.1993
     825       3.3369
     826       3.2186
     827       3.1682
     828       3.1350
     829       3.1200
     830       3.1777
     831       3.0884
     832       3.2463
     833       3.1847
     834       3.2177
     835       3.0263
     836       3.0290
     837       2.9472
     838       3.0575
     839       3.2491
     840       3.2856
     841       3.0867
     842       3.0499
     843       3.0075
     844       3.2101
     845       3.1369
     846       3.3132
     847       3.2642
     848       3.2222
     849       3.1694
     850       3.2972
     851       3.2519
     852       3.1694
     853       3.2035
     854       3.1233
     855       3.2741
     856       3.3367
     857       3.2314
     858       3.2261
     859       3.2834
     860       3.4073
     861       3.4231
     862       3.4256
     863       3.3402
     864       3.3139
     865       3.3239
     866       3.3027
     867       3.3718
     868       3.3207
     869       3.4372
     870       3.3887
     871       3.4084
     872       3.3629
     873       3.2194
     874       3.2812
     875       3.1487
     876       3.1339
     877       3.3575
     878       3.1425
     879       3.0889
     880       3.3298
     881       3.2668
     882       3.3727
     883       3.3013
     884       3.3823
     885       3.4162
     886       3.1782
     887       3.3256
     888       3.4415
     889       3.4734
     890       3.4621
     891       3.6217
     892       3.5281
     893       3.3022
     894       3.1961
     895       3.4766
     896       3.5664
     897       3.6169
     898       3.3402
     899       3.4522
     900       3.2266
     901       3.1931
     902       3.1626
     903       2.9993
     904       3.0186
     905       3.2681
     906       3.3351
     907       3.3637
     908       3.2690
     909       3.3237
     910       3.4796
     911       3.5009
     912       3.5312
     913       3.4610
     914       3.3567
     915       3.3305
     916       3.4722
     917       3.3797
     918       3.2938
     919       3.4654
     920       3.4421
     921       3.5747
     922       3.5677
     923       3.6039
     924       3.5988
     925       3.5719
     926       3.5326
     927       3.5252
     928       3.6795
     929       3.4522
     930       3.6649
     931       3.6328
     932       3.7124
     933       3.6924
     934       3.6313
     935       3.4308
     936       3.4905
     937       3.4892
     938       3.4458
     939       3.2753
     940       3.2558
     941       3.3425
     942       3.4737
     943       3.5934
     944       3.5349
     945       3.3787
     946       3.5769
     947       3.4439
     948       3.3534
     949       3.5681
     950       3.5514
     951       3.4911
     952       3.5468
     953       3.5945
     954       3.5317
     955       3.4854
     956       3.3765
     957       3.3907
     958       3.2533
     959       3.5008
     960       3.2757
     961       3.3542
     962       3.2818
     963       3.2601
     964       3.2300
     965       3.3867
     966       3.5319
     967       3.4668
     968       3.4891
     969       3.4450
     970       3.6071
     971       3.6630
     972       3.5445
     973       3.3741
     974       3.3730
     975       3.1165
     976       3.3077
     977       3.2278
     978       3.2284
     979       3.2746
     980       3.3738
     981       3.4840
     982       3.3574
     983       3.4010
     984       3.5205
     985       3.5075
     986       3.4934
     987       3.7064
     988       3.4798
     989       3.4761
     990       3.5590
     991       3.5834
     992       3.5655
     993       3.7384
     994       3.6451
     995       3.5713
     996       3.6249
     997       3.5692
     998       3.6086
     999       3.5832
    1000       3.6096
    1001       3.3431
    1002       3.3491
    1003       3.3125
    1004       3.4748
    1005       3.5462
    1006       3.5960
    1007       3.6598
    1008       3.6218
    1009       3.6113
    1010       3.5896
    1011       3.4815
    1012       3.7603
    1013       3.6544
    1014       3.7121
    1015       3.6364
    1016       3.6467
    1017       3.6037
    1018       3.5791
    1019       3.5439
    1020       3.5244
    1021       3.4899
    1022       3.6868
    1023       3.6965
    1024       3.7314
    1025       3.6250
    1026       3.6982
    1027       3.7549
    1028       3.7401
    1029       3.6193
    1030       3.6817
    1031       3.7382
    1032       3.6489
    1033       3.8088
    1034       3.9099
    1035       3.9390
    1036       3.8720
    1037       3.9640
    1038       3.8543
    1039       3.7525
    1040       3.6335
    1041       3.7740
    1042       3.7224
    1043       3.8107
    1044       3.7703
    1045       3.9204
    1046       3.7846
    1047       3.6584
    1048       3.6186
    1049       3.6814
    1050       3.7446
    1051       3.7369
    1052       3.7366
    1053       3.8213
    1054       3.7578
    1055       3.7898
    1056       3.7544
    1057       3.7508
    1058       3.5780
    1059       3.6637
    1060       3.7116
    1061       3.6459
    1062       3.5796
    1063       3.5646
    1064       3.6129
    1065       3.5846
    1066       3.4557
    1067       3.5446
    1068       3.5736
    1069       3.5906
    1070       3.5131
    1071       3.5029
    1072       3.5814
    1073       3.4711
    1074       3.3962
    1075       3.5247
    1076       3.4180
    1077       3.3006
    1078       3.4267
    1079       3.2207
    1080       3.2518
    1081       3.1981
    1082       3.2201
    1083       3.4401
    1084       3.5740
    1085       3.4362
    1086       3.5092
    1087       3.1524
    1088       3.2521
    1089       3.2606
    1090       3.0759
    1091       3.1115
    1092       3.4053
    1093       3.3177
    1094       3.2382
    1095       3.1263
    1096       3.3247
    1097       3.2199
    1098       3.2152
    1099       2.9169
    1100       2.8548
    1101       2.8798
    1102       3.0265
    1103       2.9511
    1104       2.9060
    1105       2.9005
    1106       2.8756
    1107       2.9420
    1108       3.1724
    1109       3.1980
    1110       3.0858
    1111       3.0330
    1112       3.2535
    1113       3.2062
    1114       3.0019
    1115       3.0962
    1116       2.8266
    1117       2.7497
    1118       2.8034
    1119       2.8361
    1120       2.8870
    1121       2.8058
    1122       2.8549
    1123       2.9182
    1124       3.1058
    1125       3.2015
    1126       3.1399
    1127       2.9125
    1128       2.8910
    1129       3.0202
    1130       3.1262
    1131       3.1702
    1132       3.0528
    1133       3.0995
    1134       3.1573
    1135       3.0329
    1136       3.0949
    1137       3.2148
    1138       2.9897
    1139       2.8839
    1140       2.8363
    1141       2.8056
    1142       2.7705
    1143       2.7941
    1144       2.9485
    1145       2.8076
    1146       2.9828
    1147       2.9790
    1148       2.8246
    1149       3.0561
    1150       3.1282
    1151       3.0117
    1152       3.3323
    1153       3.1521
    1154       3.0329
    1155       2.9077
    1156       3.1527
    1157       3.0086
    1158       3.0770
    1159       3.0946
    1160       2.8953
    1161       2.8334
    1162       2.9171
    1163       2.9248
    1164       3.1160
    1165       3.0227
    1166       2.9784
    1167       3.1092
    1168       3.3289
    1169       3.1534
    1170       3.0260
    1171       3.0082
    1172       2.9455
    1173       3.0008
    1174       3.0329
    1175       2.8248
    1176       2.9028
    1177       2.9616
    1178       2.9620
    1179       2.9661
    1180       3.0339
    1181       3.0730
    1182       2.9917
    1183       3.0118
    1184       2.7646
    1185       2.7740
    1186       3.0316
    1187       2.9290
    1188       3.0222
    1189       3.0920
    1190       2.9347
    1191       2.8783
    1192       2.5803
    1193       2.7811
    1194       3.0036
    1195       2.8812
    1196       2.7347
    1197       2.8751
    1198       2.8290
    1199       2.7393
    1200       2.6828
    1201       2.7205
    1202       2.7161
    1203       2.8209
    1204       2.7791
    1205       2.8541
    1206       2.7885
    1207       2.6503
    1208       2.6789
    1209       2.9134
    1210       2.9662
    1211       2.6430
    1212       2.6560
    1213       2.6977
    1214       2.7022
    1215       2.7103
    1216       2.6777
    1217       2.6246
    1218       2.5372
    1219       2.6845
    1220       2.9367
    1221       2.8283
    1222       2.7765
    1223       2.7391
    1224       2.9038
    1225       2.7597
    1226       2.8348
    1227       2.8421
    1228       2.7887
    1229       2.6792
    1230       2.6592
    1231       2.5491
    1232       2.6124
    1233       2.6678
    1234       2.8038
    1235       2.8845
    1236       2.8021
    1237       2.6780
    1238       2.6772
    1239       2.8691
    1240       2.8412
    1241       2.9161
    1242       2.9147
    1243       2.9862
    1244       2.8426
    1245       2.8678
    1246       2.9101
    1247       2.9778
    1248       3.0982
    1249       3.1271
    1250       2.9593
    1251       3.1064
    1252       3.0953
    1253       2.9845
    1254       2.9320
    1255       2.9335
    1256       3.0165
    1257       2.8710
    1258       2.9483
    1259       3.1746
    1260       3.0032
    1261       2.8568
    1262       3.0392
    1263       3.1568
    1264       3.1458
    1265       3.1202
    1266       3.0056
    1267       3.1396
    1268       3.1301
    1269       3.0320
    1270       3.0794
    1271       3.1250
    1272       3.0705
    1273       3.2602
    1274       3.1531
    1275       2.9149
    1276       3.0758
    1277       3.0954
    1278       2.8977
    1279       2.9742
    1280       2.9862
    1281       2.8632
    1282       3.0081
    1283       3.0303
    1284       2.8913
    1285       2.7649
    1286       2.8517
    1287       2.8484
    1288       2.9401
    1289       2.8060
    1290       2.7091
    1291       2.7476
    1292       2.7677
    1293       2.7717
    1294       2.8025
    1295       2.7166
    1296       2.7391
    1297       2.7097
    1298       2.8080
    1299       2.9236
    1300       2.7570
    1301       2.9250
    1302       2.7659
    1303       2.9063
    1304       3.0427
    1305       3.1195
    1306       3.0700
    1307       2.9775
    1308       3.1188
    1309       2.9716
    1310       3.0150
    1311       3.1671
    1312       3.2570
    1313       3.2370
    1314       3.2006
    1315       3.2285
    1316       3.1482
    1317       3.1340
    1318       2.9947
    1319       2.9542
    1320       2.8977
    1321       2.9861
    1322       3.0459
    1323       2.9134
    1324       2.7025
    1325       2.8713
    1326       2.7264
    1327       2.7610
    1328       2.7133
    1329       2.9031
    1330       2.8521
    1331       2.7339
    1332       2.6942
    1333       3.0016
    1334       2.7700
    1335       2.8963
    1336       2.8299
    1337       2.9080
    1338       2.8548
    1339       2.9294
    1340       2.7868
    1341       2.8010
    1342       3.1205
    1343       3.0121
    1344       3.0551
    1345       2.9915
    1346       3.0169
    1347       2.9796
    1348       3.0026
    1349       3.0881
    1350       3.1821
    1351       3.0903
    1352       2.8210
    1353       2.8680
    1354       2.9682
    1355       3.0520
    1356       3.0635
    1357       3.1164
    1358       2.9646
    1359       3.1516
    1360       3.0852
    1361       2.9788
    1362       2.9422
    1363       2.9067
    1364       2.9047
    1365       3.2792
    1366       2.8297
    1367       2.8951
    1368       2.9878
    1369       2.8696
    1370       2.7297
    1371       2.8275
    1372       2.8077
    1373       2.7332
    1374       2.5766
    1375       2.7082
    1376       2.6977
    1377       2.7949
    1378       2.7226
    1379       2.7805
    1380       2.6617
    1381       2.9494
    1382       2.9734
    1383       2.8056
    1384       2.8880
    1385       2.9695
    1386       2.7751
    1387       2.8199
    1388       2.7390
    1389       2.8671
    1390       2.8136
    1391       2.7186
    1392       2.6276
    1393       2.7033
    1394       2.9646
    1395       3.0013
    1396       2.8131
    1397       2.9485
    1398       3.1124
    1399       3.0797
    1400       3.0746
    1401       2.8381
    1402       2.8482
    1403       2.8613
    1404       2.9936
    1405       3.1358
    1406       3.0731
    1407       3.0857
    1408       2.9406
    1409       2.8576
    1410       2.9615
    1411       2.8747
    1412       2.8375
    1413       2.8510
    1414       2.9588
    1415       3.0622
    1416       2.9513
    1417       3.0387
    1418       2.8876
    1419       3.1413
    1420       3.1209
    1421       2.9364
    1422       3.1970
    1423       3.0982
    1424       3.2148
    1425       3.1106
    1426       3.3043
    1427       3.2042
    1428       3.1388
    1429       3.0689
    1430       3.0103
    1431       3.0523
    1432       3.0521
    1433       3.1262
    1434       3.1573
    1435       3.4048
    1436       3.4248
    1437       3.6614
    1438       3.5549
    1439       3.7250
    1440       3.6942
    1441       3.5423
    1442       3.8628
    1443       3.8020
    1444       3.7724
    1445       3.5490
    1446       3.6769
    1447       3.7878
    1448       3.8106
    1449       3.8405
    1450       3.6826
    1451       3.6843
    1452       3.5241
    1453       3.5707
    1454       3.5741
    1455       3.7852
    1456       3.7223
    1457       3.4891
    1458       3.6955
    1459       3.7257
    1460       3.5714
    1461       3.6008
    1462       3.5640
    1463       3.5435
    1464       3.5070
    1465       3.5625
    1466       3.6607
    1467       3.6856
    1468       3.5820
    1469       3.4821
    1470       3.7229
    1471       3.7693
    1472       3.7234
    1473       3.6867
    1474       3.5246
    1475       3.4923
    1476       3.5312
    1477       3.5471
    1478       3.4749
    1479       3.5188
    1480       3.5451
    1481       3.5382
    1482       3.4755
    1483       3.5350
    1484       3.5721
    1485       3.5182
    1486       3.3312
    1487       3.5862
    1488       3.5439
    1489       3.3882
    1490       3.3609
    1491       3.0970
    1492       3.3602
    1493       3.3477
    1494       3.6840
    1495       3.3154
    1496       3.2413
    1497       3.3562
    1498       3.3307
    1499       3.4128
    1500       3.6490
    1501       3.4203
    1502       3.4164
    1503       3.6198
    1504       3.2514
    1505       3.3723
    1506       3.5068
    1507       3.6683
    1508       3.6769
    1509       3.6162
    1510       3.3915
    1511       3.4460
    1512       3.3242
    1513       3.3687
    1514       3.3735
    1515       3.3830
    1516       3.3550
    1517       3.3896
    1518       3.6147
    1519       3.4467
    1520       3.2427
    1521       3.3216
    1522       3.4047
    1523       3.3074
    1524       3.3559
    1525       3.1768
    1526       3.5300
    1527       3.5079
    1528       3.4827
    1529       3.5063
    1530       3.4552
    1531       3.3900
    1532       3.5632
    1533       3.4073
    1534       3.3567
    1535       3.3636
    1536       3.2611
    1537       3.2799
    1538       3.1677
    1539       3.3442
    1540       3.2020
    1541       3.3092
    1542       3.2456
    1543       3.4943
    1544       3.5371
    1545       3.5332
    1546       3.4221
    1547       3.4126
    1548       3.1912
    1549       3.2311
    1550       3.3105
    1551       3.3323
    1552       3.4383
    1553       3.3557
    1554       3.4529
    1555       3.4178
    1556       3.4290
    1557       3.3880
    1558       3.3310
    1559       3.4445
    1560       3.4566
    1561       3.2275
    1562       3.2494
    1563       3.2946
    1564       3.3174
    1565       3.2528
    1566       3.3507
    1567       3.2348
    1568       3.4239
    1569       3.2311
    1570       3.3424
    1571       3.2998
    1572       3.3213
    1573       3.5801
    1574       3.5444
    1575       3.6192
    1576       3.4945
    1577       3.6873
    1578       3.5204
    1579       3.5411
    1580       3.5319
    1581       3.5232
    1582       3.3806
    1583       3.4106
    1584       3.4353
    1585       3.5758
    1586       3.6309
    1587       3.6880
    1588       3.4627
    1589       3.5831
    1590       3.5859
    1591       3.6403
    1592       3.3912
    1593       3.6915
    1594       3.4970
    1595       3.4985
    1596       3.5903
    1597       3.7110
    1598       3.6916
    1599       3.6035
    1600       3.7162
    1601       3.7059
    1602       3.5491
    1603       3.5363
    1604       3.4792
    1605       3.5143
    1606       3.4120
    1607       3.3748
    1608       3.7319
    1609       3.4627
    1610       3.5586
    1611       3.6749
    1612       3.7717
    1613       3.8217
    1614       3.5598
    1615       3.6865
    1616       3.6804
    1617       3.6699
    1618       3.6809
    1619       3.8421
    1620       3.6293
    1621       3.6486
    1622       3.5049
    1623       3.5320
    1624       3.3622
    1625       3.5083
    1626       3.6090
    1627       3.5351
    1628       3.4950
    1629       3.5552
    1630       3.3741
    1631       3.4719
    1632       3.3060
    1633       3.3440
    1634       3.5005
    1635       3.5073
    1636       3.4368
    1637       3.4247
    1638       3.3997
    1639       3.3080
    1640       3.3906
    1641       3.2347
    1642       3.3773
    1643       3.4359
    1644       3.5692
    1645       3.4085
    1646       3.5278
    1647       3.5957
    1648       3.6536
    1649       3.5485
    1650       3.3533
    1651       3.4588
    1652       3.2025
    1653       3.4615
    1654       3.6165
    1655       3.6104
    1656       3.9140
    1657       3.7871
    1658       3.8117
    1659       3.5503
    1660       3.7918
    1661       3.7474
    1662       3.8455
    1663       3.7735
    1664       3.8876
    1665       4.0411
    1666       3.9273
    1667       3.7354
    1668       3.5518
    1669       3.7170
    1670       3.6355
    1671       3.6753
    1672       3.5802
    1673       3.7840
    1674       3.6403
    1675       3.7075
    1676       3.7247
    1677       3.5461
    1678       3.5744
    1679       3.6255
    1680       3.5872
    1681       3.6173
    1682       3.5558
    1683       3.5882
    1684       3.6950
    1685       3.7280
    1686       3.4871
    1687       3.7267
    1688       3.7571
    1689       3.7730
    1690       3.7030
    1691       3.6173
    1692       3.8642
    1693       3.6865
    1694       3.6452
    1695       3.6390
    1696       3.7003
    1697       3.9178
    1698       3.9235
    1699       3.9172
    1700       3.8605
    1701       3.7090
    1702       3.6271
    1703       3.6267
    1704       3.6606
    1705       3.4579
    1706       3.4658
    1707       3.4729
    1708       3.5714
    1709       3.4831
    1710       3.4267
    1711       3.4927
    1712       3.4711
    1713       3.4209
    1714       3.4654
    1715       3.4215
    1716       3.4906
    1717       3.6546
    1718       3.5483
    1719       3.5429
    1720       3.7184
    1721       3.6821
    1722       3.5561
    1723       3.4652
    1724       3.3390
    1725       3.5217
    1726       3.4658
    1727       3.5237
    1728       3.6866
    1729       3.5049
    1730       3.3510
    1731       3.3583
    1732       3.5692
    1733       3.5857
    1734       3.6315
    1735       3.6311
    1736       3.5051
    1737       3.4337
    1738       3.3898
    1739       3.3978
    1740       3.2258
    1741       3.2377
    1742       3.2751
    1743       3.2019
    1744       3.3008
    1745       3.3421
    1746       3.3494
    1747       3.2601
    1748       3.0094
    1749       3.0506
    1750       3.0722
    1751       3.1266
    1752       3.1700
    1753       3.2531
    1754       3.2534
    1755       3.1900
    1756       3.0622
    1757       3.0355
    1758       3.0969
    1759       3.0747
    1760       2.9019
    1761       3.2898
    1762       3.1857
    1763       3.1525
    1764       3.1474
    1765       3.2497
    1766       3.1536
    1767       3.3190
    1768       3.2905
    1769       3.2024
    1770       3.2227
    1771       3.3313
    1772       3.3407
    1773       3.3968
    1774       3.1806
    1775       3.3143
    1776       3.2338
    1777       3.2218
    1778       3.2064
    1779       3.4317
    1780       3.4333
    1781       3.3661
    1782       3.5269
    1783       3.3919
    1784       3.4851
    1785       3.4404
    1786       3.5487
    1787       3.6023
    1788       3.5616
    1789       3.3936
    1790       3.2868
    1791       3.4408
    1792       3.5702
    1793       3.4526
    1794       3.3642
    1795       3.3522
    1796       3.4833
    1797       3.5174
    1798       3.4829
    1799       3.4984
    1800       3.6927
    1801       3.5924
    1802       3.7554
    1803       3.8051
    1804       3.7164
    1805       3.5946
    1806       3.4444
    1807       3.2732
    1808       3.4783
    1809       3.5188
    1810       3.5176
    1811       3.2750
    1812       3.2565
    1813       3.1433
    1814       3.1922
    1815       3.4247
    1816       3.3366
    1817       3.1693
    1818       3.3036
    1819       3.6059
    1820       3.5186
    1821       3.5215
    1822       3.6096
    1823       3.5195
    1824       3.3259
    1825       3.4248
    1826       3.5621
    1827       3.3582
    1828       3.2393
    1829       3.2294
    1830       3.1103
    1831       3.2786
    1832       3.3307
    1833       3.3515
    1834       3.4114
    1835       3.5188
    1836       3.5642
    1837       3.2431
    1838       3.3677
    1839       3.2984
    1840       3.4341
    1841       3.4043
    1842       3.5310
    1843       3.4041
    1844       3.4137
    1845       3.2452
    1846       3.4878
    1847       3.5021
    1848       3.4994
    1849       3.5951
    1850       3.5388
    1851       3.4995
    1852       3.6249
    1853       3.5697
    1854       3.4558
    1855       3.5989
    1856       3.6637
    1857       3.5187
    1858       3.6520
    1859       3.6402
    1860       3.5295
    1861       3.6214
    1862       3.6428
    1863       3.6679
    1864       3.5332
    1865       3.4877
    1866       3.5473
    1867       3.4358
    1868       3.5034
    1869       3.2892
    1870       3.3622
    1871       3.4559
    1872       3.3955
    1873       3.4335
    1874       3.4401
    1875       3.3953
    1876       3.4313
    1877       3.4336
    1878       3.4165
    1879       3.5501
    1880       3.5136
    1881       3.6237
    1882       3.5627
    1883       3.5925
    1884       3.8059
    1885       3.7099
    1886       3.7770
    1887       3.9450
    1888       3.7434
    1889       3.6471
    1890       3.5648
    1891       3.6531
    1892       3.5184
    1893       3.5078
    1894       3.5347
    1895       3.5057
    1896       3.6904
    1897       3.5852
    1898       3.4105
    1899       3.5729
    1900       3.8167
    1901       3.6354
    1902       3.5526
    1903       3.6085
    1904       3.5066
    1905       3.6581
    1906       3.5536
    1907       3.6104
    1908       3.7182
    1909       3.5612
    1910       3.4630
    1911       3.6483
    1912       3.3295
    1913       3.4101
    1914       3.6147
    1915       3.8191
    1916       3.6627
    1917       3.5883
    1918       3.5743
    1919       3.5580
    1920       3.4753
    1921       3.5521
    1922       3.7033
    1923       3.4144
    1924       3.5185
    1925       3.5461
    1926       3.5528
    1927       3.3572
    1928       3.3556
    1929       3.3466
    1930       3.1484
    1931       3.1291
    1932       3.1806
    1933       3.1035
    1934       3.1356
    1935       3.0407
    1936       3.3177
    1937       3.2955
    1938       3.1913
    1939       3.1190
    1940       3.2649
    1941       3.1607
    1942       3.3734
    1943       3.3689
    1944       3.2784
    1945       3.4944
    1946       3.5087
    1947       3.4066
    1948       3.3311
    1949       3.2751
    1950       3.3131
    1951       3.5284
    1952       3.3124
    1953       3.3060
    1954       3.2308
    1955       3.0882
    1956       3.1463
    1957       3.3020
    1958       3.2191
    1959       3.5145
    1960       3.3313
    1961       3.1317
    1962       3.2631
    1963       3.2714
    1964       3.3683
    1965       3.4413
    1966       3.4239
    1967       3.4491
    1968       3.4209
    1969       3.4456
    1970       3.4055
    1971       3.4210
    1972       3.4816
    1973       3.3102
    1974       3.2171
    1975       3.3572
    1976       3.2822
    1977       3.3643
    1978       3.1874
    1979       2.9876
    1980       3.3538
    1981       3.4210
    1982       3.5297
    1983       3.2441
    1984       3.4294
    1985       3.1413
    1986       3.1340
    1987       3.3745
    1988       3.3114
    1989       3.2137
    1990       3.2450
    1991       3.1629
    1992       3.2603
    1993       3.0801
    1994       3.2290
    1995       3.2583
    1996       3.1307
    1997       3.0976
    1998       3.3062
    1999       3.1666
    2000       3.2663
