#Res        AtomicFlx
   1.000      20.8606
   2.000      19.4167
   3.000      17.7474
   4.000      15.8824
   5.000      14.4140
   6.000      12.9941
   7.000      11.6365
   8.000      10.3785
   9.000       9.3383
  10.000       7.7821
  11.000       6.5903
  12.000       4.8518
  13.000       3.6699
  14.000       2.5586
  15.000       2.1813
  16.000       1.7228
  17.000       1.5459
  18.000       1.4690
  19.000       1.3357
  20.000       1.1724
  21.000       1.1704
  22.000       1.0441
  23.000       1.0059
  24.000       0.8827
  25.000       0.9471
  26.000       0.9601
  27.000       0.9180
  28.000       0.9986
  29.000       1.2757
  30.000       1.8147
  31.000       1.9870
  32.000       1.6222
  33.000       1.8789
  34.000       2.3493
  35.000       2.1986
  36.000       1.9577
  37.000       1.6173
  38.000       1.3409
  39.000       1.2898
  40.000       1.2924
  41.000       1.3367
  42.000       1.4594
  43.000       1.5477
  44.000       1.5863
  45.000       1.6799
  46.000       1.8440
  47.000       1.7622
  48.000       1.5484
  49.000       1.4828
  50.000       1.4279
  51.000       1.5043
  52.000       1.5239
  53.000       1.7392
  54.000       2.0856
  55.000       2.8090
  56.000       3.6042
  57.000       3.7906
  58.000       4.5662
  59.000       4.4274
  60.000       3.2964
  61.000       2.3599
  62.000       1.9777
  63.000       2.1296
  64.000       1.7538
  65.000       1.6480
  66.000       1.5031
  67.000       1.4839
  68.000       1.4351
  69.000       1.4078
  70.000       1.2942
  71.000       1.3147
  72.000       1.1542
  73.000       1.1907
  74.000       1.1675
  75.000       1.4046
  76.000       1.1791
  77.000       1.1468
  78.000       1.0547
  79.000       1.2320
  80.000       1.3082
  81.000       1.1593
  82.000       1.1546
  83.000       1.4291
  84.000       1.5382
  85.000       1.3439
  86.000       1.1458
  87.000       1.3765
  88.000       1.5092
  89.000       1.2621
  90.000       1.2269
  91.000       1.3676
  92.000       1.2750
  93.000       1.1301
  94.000       1.2454
  95.000       1.3568
  96.000       1.2793
  97.000       1.1697
  98.000       1.0516
  99.000       0.8921
 100.000       0.8629
 101.000       0.7161
 102.000       0.7331
 103.000       0.6284
 104.000       0.6962
 105.000       0.6475
 106.000       0.6265
 107.000       0.6277
 108.000       0.6169
 109.000       0.6174
 110.000       0.5860
 111.000       0.5059
 112.000       0.5077
 113.000       0.6237
 114.000       0.6468
 115.000       0.6104
 116.000       0.6821
 117.000       0.7846
 118.000       0.9717
 119.000       1.1829
 120.000       1.3970
 121.000       1.6966
 122.000       2.0346
 123.000       1.9468
 124.000       1.9185
 125.000       1.6314
 126.000       1.4997
 127.000       1.2716
 128.000       1.3272
 129.000       1.4138
 130.000       1.2635
 131.000       1.2203
 132.000       1.0092
 133.000       0.9265
 134.000       0.8012
 135.000       0.7497
 136.000       0.7046
 137.000       0.8469
 138.000       0.9567
 139.000       0.9133
 140.000       0.9979
 141.000       1.2015
 142.000       1.1951
 143.000       1.1046
 144.000       1.2585
 145.000       1.4513
 146.000       1.4740
 147.000       1.4287
 148.000       1.7335
 149.000       2.1136
 150.000       2.0756
 151.000       2.0795
 152.000       1.7569
 153.000       1.4070
 154.000       1.1758
 155.000       1.0206
 156.000       0.8873
 157.000       0.7825
 158.000       0.6617
 159.000       0.6117
 160.000       0.7211
 161.000       0.6889
 162.000       0.7674
 163.000       0.7473
 164.000       0.9175
 165.000       1.2957
 166.000       1.2928
 167.000       1.1181
 168.000       1.0650
 169.000       0.9499
 170.000       1.1443
 171.000       1.0533
 172.000       1.1675
 173.000       1.2373
 174.000       1.4890
 175.000       1.5713
 176.000       1.4073
 177.000       1.3736
 178.000       1.4615
 179.000       1.5852
 180.000       1.5340
 181.000       1.6060
 182.000       1.3490
 183.000       1.2533
 184.000       1.2378
 185.000       1.2782
 186.000       1.4754
 187.000       1.7289
 188.000       2.2247
 189.000       2.3478
 190.000       2.0313
 191.000       1.9390
 192.000       1.7288
 193.000       1.5574
 194.000       1.3488
 195.000       1.2621
 196.000       1.1825
 197.000       1.2768
 198.000       1.5368
 199.000       1.3884
 200.000       1.2804
 201.000       0.9997
 202.000       0.8023
 203.000       0.9764
 204.000       1.1007
 205.000       1.6207
 206.000       1.5169
 207.000       1.6173
 208.000       1.7097
 209.000       1.3929
 210.000       1.1455
 211.000       1.0940
 212.000       1.1544
 213.000       1.0190
 214.000       0.9162
 215.000       1.0116
 216.000       1.0686
 217.000       0.9318
 218.000       0.8955
 219.000       1.0495
 220.000       1.0296
 221.000       0.9245
 222.000       1.0416
 223.000       1.1751
 224.000       1.0954
 225.000       1.1183
 226.000       1.2878
 227.000       1.3154
 228.000       1.1775
 229.000       1.2002
 230.000       1.0177
 231.000       0.8356
 232.000       0.7480
 233.000       0.7420
 234.000       0.7489
 235.000       0.6161
 236.000       0.5764
 237.000       0.4809
 238.000       0.5159
 239.000       0.5048
 240.000       0.6090
 241.000       0.7177
 242.000       0.7702
 243.000       0.8815
 244.000       1.0411
 245.000       1.2413
 246.000       1.7673
 247.000       2.3145
 248.000       3.5961
 249.000       4.3458
 250.000       5.5095
 251.000       4.9508
 252.000       4.1138
 253.000       3.3203
 254.000       2.6803
 255.000       2.0502
 256.000       1.6700
 257.000       1.2439
 258.000       1.1286
 259.000       0.9274
 260.000       0.8552
 261.000       0.7596
 262.000       0.6556
 263.000       0.5397
 264.000       0.5273
 265.000       0.4475
 266.000       0.5141
 267.000       0.6173
 268.000       0.6865
 269.000       0.8579
 270.000       0.9916
 271.000       1.3985
 272.000       1.5818
 273.000       2.0943
 274.000       2.7515
 275.000       3.8546
 276.000       5.2098
 277.000       5.2698
 278.000       4.8567
 279.000       4.3234
 280.000       4.1702
 281.000       3.2456
 282.000       2.4668
 283.000       1.7807
 284.000       2.1216
 285.000       2.3273
 286.000       2.0647
 287.000       1.7429
 288.000       2.0127
 289.000       1.3379
 290.000       1.2746
 291.000       1.0435
 292.000       1.0319
 293.000       1.2112
 294.000       1.1652
 295.000       1.0872
 296.000       1.2193
 297.000       1.3353
 298.000       1.3002
 299.000       1.3237
 300.000       1.4849
 301.000       1.5780
 302.000       1.5736
 303.000       1.6458
 304.000       1.8629
 305.000       2.0154
 306.000       2.0523
 307.000       2.2852
 308.000       1.9052
 309.000       1.6131
 310.000       1.4751
 311.000       1.2852
 312.000       1.3731
 313.000       1.3741
 314.000       1.1765
 315.000       1.0271
 316.000       0.8901
 317.000       1.0090
 318.000       1.0701
 319.000       0.9749
 320.000       0.9635
 321.000       1.0987
 322.000       1.0907
 323.000       1.0718
 324.000       1.1913
 325.000       1.3726
 326.000       1.3270
 327.000       1.3199
 328.000       1.1791
 329.000       1.1445
 330.000       1.1017
 331.000       0.9681
 332.000       0.9526
 333.000       0.8273
 334.000       0.8485
 335.000       0.7277
 336.000       0.7866
 337.000       0.8663
 338.000       1.0378
 339.000       1.0072
 340.000       1.0951
 341.000       1.1022
 342.000       1.0091
 343.000       1.1339
 344.000       1.1537
 345.000       1.0334
 346.000       1.0018
 347.000       1.1747
 348.000       1.1587
 349.000       1.0535
 350.000       1.1839
 351.000       1.3017
 352.000       1.2046
 353.000       1.2058
 354.000       1.4004
 355.000       1.4091
 356.000       1.3073
 357.000       1.4205
 358.000       1.5101
 359.000       1.3999
 360.000       1.4896
 361.000       1.4684
 362.000       1.7335
 363.000       2.1958
 364.000       2.7432
 365.000       2.8188
 366.000       4.6248
 367.000       6.3221
 368.000       7.0329
