#Frame            mon
       1       0.6004
       2       0.5827
       3       0.4314
       4       0.5356
       5       0.4376
       6       0.5238
       7       0.5571
       8       0.4729
       9       0.5214
      10       0.3877
      11       0.5538
      12       0.5231
      13       0.6483
      14       0.5198
      15       0.5159
      16       0.5049
      17       0.5817
      18       0.5237
      19       0.4903
      20       0.4336
      21       0.6129
      22       0.5872
      23       0.4416
      24       0.5384
      25       0.5673
      26       0.5079
      27       0.4632
      28       0.6170
      29       0.5748
      30       0.6156
      31       0.5173
      32       0.5873
      33       0.4534
      34       0.5598
      35       0.5995
      36       0.5397
      37       0.5839
      38       0.4964
      39       0.6054
      40       0.5346
      41       0.4895
      42       0.5992
      43       0.5776
      44       0.4763
      45       0.5078
      46       0.5541
      47       0.6549
      48       0.6205
      49       0.5437
      50       0.6668
      51       0.5990
      52       0.4853
      53       0.5385
      54       0.5817
      55       0.4552
      56       0.5250
      57       0.6394
      58       0.6094
      59       0.4650
      60       0.4829
      61       0.4338
      62       0.5017
      63       0.5801
      64       0.5054
      65       0.5511
      66       0.5354
      67       0.4931
      68       0.5295
      69       0.5115
      70       0.5132
      71       0.4991
      72       0.4567
      73       0.4994
      74       0.5588
      75       0.4675
      76       0.5438
      77       0.4531
      78       0.5118
      79       0.4846
      80       0.4675
      81       0.5425
      82       0.4736
      83       0.5515
      84       0.5112
      85       0.5620
      86       0.5043
      87       0.5489
      88       0.6181
      89       0.4674
      90       0.6525
      91       0.5376
      92       0.5835
      93       0.5979
      94       0.5229
      95       0.5073
      96       0.4864
      97       0.4552
      98       0.4766
      99       0.4603
     100       0.4389
     101       0.4337
     102       0.5155
     103       0.8390
     104       0.5042
     105       0.7031
     106       0.7796
     107       0.6054
     108       0.7430
     109       0.6502
     110       0.5372
     111       0.5299
     112       0.8802
     113       0.6876
     114       0.3833
     115       0.5939
     116       0.4099
     117       0.8482
     118       0.5579
     119       0.3778
     120       0.4150
     121       0.4627
     122       0.4904
     123       0.4715
     124       0.9840
     125       0.9397
     126       1.1279
     127       1.0812
     128       0.4593
     129       0.6024
     130       0.9390
     131       0.7052
     132       0.7463
     133       0.9143
     134       0.7415
     135       0.5618
     136       0.5279
     137       0.3750
     138       0.3785
     139       0.6009
     140       0.7197
     141       0.5387
     142       0.6528
     143       0.3902
     144       0.5605
     145       0.6288
     146       0.6028
     147       0.5376
     148       0.5253
     149       0.4285
     150       0.4112
     151       0.6608
     152       0.7885
     153       0.7266
     154       0.5355
     155       0.7356
     156       0.3773
     157       0.5936
     158       0.6973
     159       0.7273
     160       1.0133
     161       0.8119
     162       1.0854
     163       1.0903
     164       0.7554
     165       0.7393
     166       0.8385
     167       0.5667
     168       0.8009
     169       0.4815
     170       0.6907
     171       0.4350
     172       0.8647
     173       0.3521
     174       0.5368
     175       0.5279
     176       0.7411
     177       0.5606
     178       0.6514
     179       0.6774
     180       0.7099
     181       0.4947
     182       0.5815
     183       0.6081
     184       0.5732
     185       0.5473
     186       0.5287
     187       0.7754
     188       0.4759
     189       0.4942
     190       0.9581
     191       0.8932
     192       0.9169
     193       0.7090
     194       0.6025
     195       0.8132
     196       0.4476
     197       0.6145
     198       0.8611
     199       0.7916
     200       0.7773
     201       1.0076
     202       1.0392
     203       0.8874
     204       0.8077
     205       0.6992
     206       0.8681
     207       1.0164
     208       0.7101
     209       0.8598
     210       0.5013
     211       0.8270
     212       1.1178
     213       0.7838
     214       0.6738
     215       0.8740
     216       0.8964
     217       0.6847
     218       0.5934
     219       0.5061
     220       0.9407
     221       1.0206
     222       0.7517
     223       0.9289
     224       0.9700
     225       0.7541
     226       0.5604
     227       0.5594
     228       0.7585
     229       0.5511
     230       0.9792
     231       0.8665
     232       0.4011
     233       0.4299
     234       0.5368
     235       0.6074
     236       0.7151
     237       0.7250
     238       0.6681
     239       0.5288
     240       0.3378
     241       0.8392
     242       0.4363
     243       0.5365
     244       0.5036
     245       0.5670
     246       0.7656
     247       0.7097
     248       0.6255
     249       0.8359
     250       0.5862
     251       0.8790
     252       0.5978
     253       0.6437
     254       0.6953
     255       0.4685
     256       0.6102
     257       0.6935
     258       0.5658
     259       0.7783
     260       0.7057
     261       0.7547
     262       0.7784
     263       0.7433
     264       1.0315
     265       0.7724
     266       1.0467
     267       0.7883
     268       0.7249
     269       0.5891
     270       0.4042
     271       0.2970
     272       0.6249
     273       0.5442
     274       0.7552
     275       0.8524
     276       0.7820
     277       0.6196
     278       0.7508
     279       0.6244
     280       0.8853
     281       0.6985
     282       0.9501
     283       1.0807
     284       0.7576
     285       0.9340
     286       0.9010
     287       0.7079
     288       0.8439
     289       0.9994
     290       0.8214
     291       1.2141
     292       1.2998
     293       1.0775
     294       1.0643
     295       1.0375
     296       1.0398
     297       1.0637
     298       1.0044
     299       1.2918
     300       1.1906
     301       1.2570
     302       1.1558
     303       1.0036
     304       1.0123
     305       0.6671
     306       0.8912
     307       0.6039
     308       0.9843
     309       0.9430
     310       0.8948
     311       1.1074
     312       1.0986
     313       1.0306
     314       0.8146
     315       0.6733
     316       0.8688
     317       0.7127
     318       1.1407
     319       1.0962
     320       0.9882
     321       0.8619
     322       0.8534
     323       1.1581
     324       1.0289
     325       0.8972
     326       0.9288
     327       1.1477
     328       1.0392
     329       1.2576
     330       0.8876
     331       0.9889
     332       0.7986
     333       0.9343
     334       0.8350
     335       1.0526
     336       1.1064
     337       1.0838
     338       1.2174
     339       1.3876
     340       1.2574
     341       1.1809
     342       1.4466
     343       1.1909
     344       0.9586
     345       1.2953
     346       0.9168
     347       0.7816
     348       0.8877
     349       1.2901
     350       0.9909
     351       1.2457
     352       0.9246
     353       1.1815
     354       0.8356
     355       1.0335
     356       0.8600
     357       1.1253
     358       1.2706
     359       0.9702
     360       1.0597
     361       0.6589
     362       0.9309
     363       0.6453
     364       0.8196
     365       0.6438
     366       1.0348
     367       0.8662
     368       1.0052
     369       0.7802
     370       1.0640
     371       1.0272
     372       0.7673
     373       0.8262
     374       0.9749
     375       0.7354
     376       0.9430
     377       0.8612
     378       0.6614
     379       0.8284
     380       0.6744
     381       1.1537
     382       0.9074
     383       0.9672
     384       1.1870
     385       0.9789
     386       0.8613
     387       1.1839
     388       0.8624
     389       1.0716
     390       0.9972
     391       0.7520
     392       1.0742
     393       1.0008
     394       1.2064
     395       1.0027
     396       1.4330
     397       0.8661
     398       0.8522
     399       0.7236
     400       0.8390
     401       0.8794
     402       0.6245
     403       0.6886
     404       0.5436
     405       0.7600
     406       0.9658
     407       0.8476
     408       0.5553
     409       1.0074
     410       1.1540
     411       0.9562
     412       1.1938
     413       1.3174
     414       1.6412
     415       1.0978
     416       1.1409
     417       0.8498
     418       0.9710
     419       0.8275
     420       1.1086
     421       1.1786
     422       1.2037
     423       1.1158
     424       1.0070
     425       0.9433
     426       1.2462
     427       1.0107
     428       0.7247
     429       0.6919
     430       1.0543
     431       0.9882
     432       0.8153
     433       1.0327
     434       1.1626
     435       0.9361
     436       0.8719
     437       0.9508
     438       1.3587
     439       1.3612
     440       1.0680
     441       0.8589
     442       0.8820
     443       0.8875
     444       0.9315
     445       0.7841
     446       0.8795
     447       0.7511
     448       0.7894
     449       0.8171
     450       0.8432
     451       0.7244
     452       0.8959
     453       0.9783
     454       0.8189
     455       0.7487
     456       0.8092
     457       1.0645
     458       0.9802
     459       0.8644
     460       0.8548
     461       0.7101
     462       0.8060
     463       0.9097
     464       0.7708
     465       0.5965
     466       0.7020
     467       0.7053
     468       0.5877
     469       0.6830
     470       0.7390
     471       0.8957
     472       1.2029
     473       0.6444
     474       0.6507
     475       0.8715
     476       0.7964
     477       1.0422
     478       0.8354
     479       0.8557
     480       0.8450
     481       0.7015
     482       0.4411
     483       0.4805
     484       0.7357
     485       0.6523
     486       0.7381
     487       0.7705
     488       0.5008
     489       0.5915
     490       0.5364
     491       1.3217
     492       0.7477
     493       0.5562
     494       0.6500
     495       0.6232
     496       0.9182
     497       0.8756
     498       1.1687
     499       0.8275
     500       0.7835
     501       0.5244
     502       0.5198
     503       0.8851
     504       0.5908
     505       0.8451
     506       0.4456
     507       0.6404
     508       0.4795
     509       0.6208
     510       0.6433
     511       0.6014
     512       0.8705
     513       0.7409
     514       0.4594
     515       0.5659
     516       0.4602
     517       1.0789
     518       0.7472
     519       0.8046
     520       0.6793
     521       0.8865
     522       0.7690
     523       0.4932
     524       0.5249
     525       0.6998
     526       0.5693
     527       0.4825
     528       0.6439
     529       0.7666
     530       0.7498
     531       0.6027
     532       0.6696
     533       0.8315
     534       0.7795
     535       0.7058
     536       0.9287
     537       0.7278
     538       0.6689
     539       0.5684
     540       0.6023
     541       0.7885
     542       0.4367
     543       0.3953
     544       0.3634
     545       0.4727
     546       0.5021
     547       0.3625
     548       0.3113
     549       0.3998
     550       0.4954
     551       0.4863
     552       0.5220
     553       0.6502
     554       0.6802
     555       0.7441
     556       0.6075
     557       0.5981
     558       0.7157
     559       0.5226
     560       0.7438
     561       0.5816
     562       0.4209
     563       0.6257
     564       0.4528
     565       0.8707
     566       0.6087
     567       0.4436
     568       0.3431
     569       0.5101
     570       0.6010
     571       0.7426
     572       0.4960
     573       0.4272
     574       0.6753
     575       0.9466
     576       0.6529
     577       0.9559
     578       0.7367
     579       0.8573
     580       0.6345
     581       0.9335
     582       0.8596
     583       0.8743
     584       0.8832
     585       0.8663
     586       0.7903
     587       1.1405
     588       0.9523
     589       0.9671
     590       0.8415
     591       1.0978
     592       0.9207
     593       1.1819
     594       0.8493
     595       1.0064
     596       0.7504
     597       1.1921
     598       1.0483
     599       1.0196
     600       1.0019
     601       1.4058
     602       1.2567
     603       1.1234
     604       1.1192
     605       1.3449
     606       0.7475
     607       1.1931
     608       1.1887
     609       1.2656
     610       1.6439
     611       0.8895
     612       1.1227
     613       0.8331
     614       1.1931
     615       1.2141
     616       0.9899
     617       0.8352
     618       0.9762
     619       1.1901
     620       0.8886
     621       1.1576
     622       1.3057
     623       0.7783
     624       1.0606
     625       1.2765
     626       1.2320
     627       0.9919
     628       0.6967
     629       0.9331
     630       0.8223
     631       0.6651
     632       0.8114
     633       0.7614
     634       0.7028
     635       0.9060
     636       0.9914
     637       1.2986
     638       1.1881
     639       0.8054
     640       0.8561
     641       0.9920
     642       1.1615
     643       1.2553
     644       1.1611
     645       0.8530
     646       1.3756
     647       0.9837
     648       0.7149
     649       1.3079
     650       0.9733
     651       0.9573
     652       0.6832
     653       1.0657
     654       1.1314
     655       0.8627
     656       0.5467
     657       0.9110
     658       0.9407
     659       0.5303
     660       0.7513
     661       0.7089
     662       1.0584
     663       0.4452
     664       0.9081
     665       0.6647
     666       0.5783
     667       0.7436
     668       0.7770
     669       0.6659
     670       0.2541
     671       0.5592
     672       0.4898
     673       0.8286
     674       0.7356
     675       0.9658
     676       1.1159
     677       0.7974
     678       0.8080
     679       0.8517
     680       0.5332
     681       0.5901
     682       0.7598
     683       0.7678
     684       0.6227
     685       0.7871
     686       0.7043
     687       0.5422
     688       0.6751
     689       0.6905
     690       0.8138
     691       0.7810
     692       0.4780
     693       0.6831
     694       1.1380
     695       0.8436
     696       1.0088
     697       0.9037
     698       0.5756
     699       0.7325
     700       0.7512
     701       0.7596
     702       0.7018
     703       0.6126
     704       0.7816
     705       0.6220
     706       0.7974
     707       0.4717
     708       0.4465
     709       0.7684
     710       0.9259
     711       0.5155
     712       0.7497
     713       0.3909
     714       0.5229
     715       0.7245
     716       0.5225
     717       0.4330
     718       0.6640
     719       0.6217
     720       0.7102
     721       0.5959
     722       1.0411
     723       0.8487
     724       0.8617
     725       0.4520
     726       0.7234
     727       0.7534
     728       0.8634
     729       0.7512
     730       0.7228
     731       0.5282
     732       0.6586
     733       0.5305
     734       0.7170
     735       0.4540
     736       0.6866
     737       0.8300
     738       0.6330
     739       0.6852
     740       0.8615
     741       0.8012
     742       0.6099
     743       0.3465
     744       0.5516
     745       0.5991
     746       0.6678
     747       0.6298
     748       0.4642
     749       0.4187
     750       0.5796
     751       0.3831
     752       0.3858
     753       0.4770
     754       0.3672
     755       0.5352
     756       0.2731
     757       0.6798
     758       0.6087
     759       0.7272
     760       0.7988
     761       0.6439
     762       0.5745
     763       0.5819
     764       0.4086
     765       0.5312
     766       0.4780
     767       0.6982
     768       0.6563
     769       1.0480
     770       0.7365
     771       0.8635
     772       0.9492
     773       0.7587
     774       0.4709
     775       0.9116
     776       0.5983
     777       0.9295
     778       0.4695
     779       0.4258
     780       0.5720
     781       0.6431
     782       0.7003
     783       0.8129
     784       0.7186
     785       0.6725
     786       0.6127
     787       0.4555
     788       0.3616
     789       0.6154
     790       0.6823
     791       0.7695
     792       0.5137
     793       0.5654
     794       0.7011
     795       0.6291
     796       0.4763
     797       0.4449
     798       0.3712
     799       0.7130
     800       0.5022
     801       0.2499
     802       0.4690
     803       0.6124
     804       0.4632
     805       0.3683
     806       0.5728
     807       0.3832
     808       0.7594
     809       0.6446
     810       1.1649
     811       1.0886
     812       0.3490
     813       0.8654
     814       0.5976
     815       0.4612
     816       0.4746
     817       0.5895
     818       0.5400
     819       0.6831
     820       0.6979
     821       0.4447
     822       0.6148
     823       0.3469
     824       0.6029
     825       0.6561
     826       0.4744
     827       0.7318
     828       0.5277
     829       0.7279
     830       0.7505
     831       0.5486
     832       0.5999
     833       0.4586
     834       0.6687
     835       0.4899
     836       0.5938
     837       0.6209
     838       0.7753
     839       0.5672
     840       1.2645
     841       0.9433
     842       0.4408
     843       1.1241
     844       0.7002
     845       0.8715
     846       1.2827
     847       0.8888
     848       1.0204
     849       1.1483
     850       1.0744
     851       0.8415
     852       0.8819
     853       0.6735
     854       0.8950
     855       0.9716
     856       0.8632
     857       0.7870
     858       0.5918
     859       0.8757
     860       0.9625
     861       1.2284
     862       1.1772
     863       0.7577
     864       0.8723
     865       0.6184
     866       0.7099
     867       0.7613
     868       0.7939
     869       0.6015
     870       1.1512
     871       0.6463
     872       0.8231
     873       0.6878
     874       0.7255
     875       0.7542
     876       0.5713
     877       0.6037
     878       0.8612
     879       0.5251
     880       0.3571
     881       0.4776
     882       0.5741
     883       0.5217
     884       0.8848
     885       0.6450
     886       0.6006
     887       0.5153
     888       0.3729
     889       0.4371
     890       0.6045
     891       0.4857
     892       0.5679
     893       0.5358
     894       0.7214
     895       0.5486
     896       0.6174
     897       0.5432
     898       0.8274
     899       0.7975
     900       0.6056
     901       0.6902
     902       0.6446
     903       0.6122
     904       0.7119
     905       0.9799
     906       0.8264
     907       0.9074
     908       1.0850
     909       0.8010
     910       0.7510
     911       1.1515
     912       0.7308
     913       1.0102
     914       0.7540
     915       1.1679
     916       0.8463
     917       0.6492
     918       0.5163
     919       0.7341
     920       0.7062
     921       0.8057
     922       0.5966
     923       0.5918
     924       0.3051
     925       0.5469
     926       0.8439
     927       0.5903
     928       0.8687
     929       0.3932
     930       0.4325
     931       0.5434
     932       0.8102
     933       0.4689
     934       0.7316
     935       0.9166
     936       0.8069
     937       0.8452
     938       0.8245
     939       0.8504
     940       0.7517
     941       0.6331
     942       1.0609
     943       0.7120
     944       0.6736
     945       0.8364
     946       0.2972
     947       0.5710
     948       0.5146
     949       0.3456
     950       1.2542
     951       0.8810
     952       0.7267
     953       0.7259
     954       0.7321
     955       1.0465
     956       0.7635
     957       0.9804
     958       0.6552
     959       0.8674
     960       0.7656
     961       0.6824
     962       0.7310
     963       1.0267
     964       0.8653
     965       0.6275
     966       0.5345
     967       0.7473
     968       1.2643
     969       0.8856
     970       0.6786
     971       1.1279
     972       1.0058
     973       0.8859
     974       0.9959
     975       0.8551
     976       1.0265
     977       1.1812
     978       0.9192
     979       0.7738
     980       0.9580
     981       0.5325
     982       0.6989
     983       0.5420
     984       0.9595
     985       0.7838
     986       1.0317
     987       1.3850
     988       1.6791
     989       1.3675
     990       1.3899
     991       1.2724
     992       1.4814
     993       1.0137
     994       1.1198
     995       1.1197
     996       0.9730
     997       0.8204
     998       0.9319
     999       1.0534
    1000       0.7220
    1001       1.0444
    1002       0.8425
    1003       1.0803
    1004       1.0692
    1005       1.0891
    1006       0.8318
    1007       0.8222
    1008       0.8678
    1009       1.0081
    1010       0.8980
    1011       0.9218
    1012       0.8270
    1013       0.9557
    1014       0.8816
    1015       0.5181
    1016       0.5836
    1017       0.5310
    1018       0.8344
    1019       0.9613
    1020       1.0518
    1021       0.9572
    1022       0.8395
    1023       1.2861
    1024       0.6374
    1025       0.8762
    1026       0.7383
    1027       1.1029
    1028       0.8491
    1029       0.9359
    1030       0.8478
    1031       0.9391
    1032       0.9838
    1033       1.0354
    1034       0.9714
    1035       1.1040
    1036       0.8807
    1037       0.8002
    1038       0.5475
    1039       0.2601
    1040       0.4343
    1041       0.3675
    1042       0.3743
    1043       0.5339
    1044       0.7385
    1045       0.3289
    1046       0.4995
    1047       0.6465
    1048       0.4898
    1049       0.4835
    1050       0.9857
    1051       0.8155
    1052       0.7120
    1053       1.1222
    1054       0.9558
    1055       0.5510
    1056       0.8283
    1057       1.1392
    1058       0.6166
    1059       0.7889
    1060       0.7164
    1061       0.4426
    1062       0.8266
    1063       0.6965
    1064       0.7110
    1065       0.3336
    1066       0.6935
    1067       0.4153
    1068       0.7406
    1069       0.4823
    1070       0.6628
    1071       0.6810
    1072       0.6060
    1073       0.2778
    1074       0.5865
    1075       0.5781
    1076       0.5010
    1077       0.5176
    1078       0.3370
    1079       0.3850
    1080       0.3591
    1081       0.5424
    1082       0.6789
    1083       0.5351
    1084       0.8003
    1085       0.6509
    1086       0.5321
    1087       0.7232
    1088       0.7356
    1089       0.8379
    1090       0.5080
    1091       0.5985
    1092       0.3381
    1093       0.5483
    1094       0.6752
    1095       0.6952
    1096       0.5182
    1097       0.3753
    1098       0.4734
    1099       0.6354
    1100       0.3210
    1101       0.4015
    1102       0.6712
    1103       0.4313
    1104       0.4389
    1105       0.7199
    1106       0.5165
    1107       0.6307
    1108       0.5746
    1109       0.5829
    1110       0.6613
    1111       0.3318
    1112       0.4222
    1113       0.3815
    1114       0.6354
    1115       0.5130
    1116       0.7038
    1117       0.6495
    1118       0.5770
    1119       0.4753
    1120       0.6209
    1121       0.4818
    1122       0.6353
    1123       0.4764
    1124       0.9005
    1125       0.7281
    1126       0.8883
    1127       0.5901
    1128       0.5553
    1129       1.0251
    1130       0.6204
    1131       0.8369
    1132       0.6246
    1133       0.6666
    1134       0.5606
    1135       0.8611
    1136       0.6712
    1137       0.4892
    1138       0.5513
    1139       0.4887
    1140       0.8010
    1141       0.6643
    1142       0.8080
    1143       0.6633
    1144       0.6650
    1145       0.9167
    1146       0.8124
    1147       0.8956
    1148       0.8998
    1149       0.7417
    1150       0.6114
    1151       0.9694
    1152       0.5751
    1153       0.7997
    1154       0.9871
    1155       0.8560
    1156       0.7613
    1157       0.9770
    1158       0.8128
    1159       0.7651
    1160       0.6602
    1161       0.6923
    1162       0.7665
    1163       0.6005
    1164       0.7569
    1165       0.7118
    1166       0.5103
    1167       0.5049
    1168       0.5166
    1169       0.5683
    1170       0.5089
    1171       0.6446
    1172       0.8952
    1173       0.9124
    1174       0.6582
    1175       0.7814
    1176       0.6761
    1177       0.7144
    1178       0.8023
    1179       0.7909
    1180       1.0473
    1181       0.9452
    1182       1.0488
    1183       1.2450
    1184       1.1164
    1185       0.9210
    1186       0.8218
    1187       0.9258
    1188       0.7062
    1189       0.6580
    1190       0.7070
    1191       0.6991
    1192       0.7000
    1193       0.9495
    1194       1.3412
    1195       0.6541
    1196       0.7723
    1197       0.7942
    1198       0.8704
    1199       0.7231
    1200       0.9657
    1201       1.2371
    1202       0.6383
    1203       0.6176
    1204       0.4644
    1205       0.7619
    1206       0.5464
    1207       0.6653
    1208       0.6720
    1209       0.6477
    1210       0.8133
    1211       0.9869
    1212       0.8412
    1213       0.5760
    1214       0.7102
    1215       0.7347
    1216       0.7280
    1217       0.7827
    1218       1.0256
    1219       1.0085
    1220       1.1581
    1221       0.8095
    1222       1.1929
    1223       1.0347
    1224       1.1689
    1225       1.3351
    1226       1.1597
    1227       0.7501
    1228       1.0869
    1229       1.2865
    1230       1.5839
    1231       1.0892
    1232       1.3906
    1233       1.1532
    1234       1.0067
    1235       0.8009
    1236       0.6657
    1237       0.9922
    1238       0.9405
    1239       0.9461
    1240       1.0146
    1241       1.2759
    1242       1.1074
    1243       0.9361
    1244       1.0934
    1245       0.8064
    1246       0.8751
    1247       0.9776
    1248       0.8968
    1249       1.0951
    1250       1.3314
    1251       1.0556
    1252       0.9182
    1253       0.8055
    1254       0.5586
    1255       0.8313
    1256       0.5650
    1257       0.6548
    1258       0.9282
    1259       0.6219
    1260       0.7968
    1261       0.6747
    1262       0.5108
    1263       0.5103
    1264       0.7501
    1265       0.5943
    1266       0.8082
    1267       0.5288
    1268       0.8503
    1269       0.4760
    1270       0.8324
    1271       0.6355
    1272       0.4553
    1273       0.4976
    1274       0.6791
    1275       0.8401
    1276       0.5069
    1277       0.6484
    1278       0.7190
    1279       0.7525
    1280       0.5888
    1281       0.8185
    1282       0.7091
    1283       0.3867
    1284       0.5338
    1285       0.6337
    1286       0.5723
    1287       0.5864
    1288       1.0248
    1289       0.7935
    1290       1.0145
    1291       0.8822
    1292       0.9379
    1293       0.9004
    1294       0.8400
    1295       0.8122
    1296       0.8843
    1297       0.9849
    1298       0.7616
    1299       0.3662
    1300       0.5782
    1301       0.6915
    1302       0.7440
    1303       0.6681
    1304       0.4893
    1305       0.6823
    1306       0.4628
    1307       0.7538
    1308       0.6670
    1309       0.7232
    1310       0.4299
    1311       0.6627
    1312       0.4837
    1313       0.4830
    1314       0.6361
    1315       0.6129
    1316       0.8021
    1317       0.6224
    1318       0.8240
    1319       0.7003
    1320       0.9239
    1321       0.9887
    1322       0.9927
    1323       1.0408
    1324       1.5231
    1325       0.9703
    1326       0.8925
    1327       0.8528
    1328       0.6519
    1329       0.9951
    1330       0.7500
    1331       0.7038
    1332       0.7799
    1333       0.8217
    1334       0.9968
    1335       1.4015
    1336       1.0758
    1337       0.8248
    1338       0.8287
    1339       0.8691
    1340       0.7167
    1341       0.8062
    1342       0.8033
    1343       0.7695
    1344       0.6431
    1345       0.9334
    1346       0.8128
    1347       0.6505
    1348       0.5187
    1349       0.4135
    1350       0.5085
    1351       0.7331
    1352       0.8202
    1353       0.6581
    1354       0.6038
    1355       0.8438
    1356       0.8528
    1357       1.2734
    1358       0.8261
    1359       0.8670
    1360       0.8541
    1361       0.5592
    1362       0.9729
    1363       0.8514
    1364       0.9616
    1365       0.7648
    1366       0.7901
    1367       0.9989
    1368       0.8077
    1369       0.7717
    1370       0.8237
    1371       0.7778
    1372       0.2861
    1373       0.6030
    1374       0.5448
    1375       0.4979
    1376       0.6862
    1377       0.6417
    1378       0.8238
    1379       0.8858
    1380       0.5967
    1381       0.4052
    1382       0.3069
    1383       0.4037
    1384       0.4769
    1385       0.8768
    1386       0.6504
    1387       0.7326
    1388       0.8640
    1389       0.8087
    1390       0.7801
    1391       0.4921
    1392       0.8583
    1393       0.5443
    1394       0.5039
    1395       0.4586
    1396       0.2972
    1397       0.5461
    1398       0.5792
    1399       0.6364
    1400       0.8694
    1401       0.7003
    1402       0.6365
    1403       0.4179
    1404       0.4620
    1405       0.8344
    1406       0.5329
    1407       0.6857
    1408       0.5364
    1409       0.8301
    1410       0.8915
    1411       0.6648
    1412       0.8084
    1413       0.8050
    1414       0.7340
    1415       0.6838
    1416       0.6862
    1417       0.4324
    1418       1.0035
    1419       0.8200
    1420       0.6215
    1421       0.7859
    1422       1.0460
    1423       1.0402
    1424       0.7874
    1425       0.7039
    1426       0.5190
    1427       0.5963
    1428       0.7204
    1429       0.6394
    1430       0.4987
    1431       0.6441
    1432       0.7991
    1433       0.2698
    1434       0.5346
    1435       0.4999
    1436       0.6888
    1437       0.6694
    1438       0.4528
    1439       0.8643
    1440       0.5477
    1441       0.5007
    1442       0.5594
    1443       0.9911
    1444       0.9744
    1445       0.9413
    1446       0.8418
    1447       0.5981
    1448       0.6102
    1449       0.9395
    1450       0.6869
    1451       0.6191
    1452       0.5625
    1453       0.4145
    1454       0.3032
    1455       0.4042
    1456       0.3637
    1457       0.8539
    1458       0.6225
    1459       0.4577
    1460       0.4693
    1461       0.9497
    1462       0.7103
    1463       0.8503
    1464       1.0027
    1465       0.9637
    1466       0.7906
    1467       0.6813
    1468       0.4198
    1469       0.2740
    1470       0.3861
    1471       0.5121
    1472       0.7410
    1473       0.4191
    1474       0.4680
    1475       0.4067
    1476       0.5215
    1477       0.6092
    1478       0.5048
    1479       0.7335
    1480       0.4828
    1481       0.6544
    1482       1.0038
    1483       0.9836
    1484       0.7478
    1485       0.8592
    1486       0.9874
    1487       0.9433
    1488       0.9228
    1489       0.7939
    1490       0.9186
    1491       0.7767
    1492       0.7833
    1493       0.7104
    1494       0.9797
    1495       1.2095
    1496       1.0501
    1497       1.0807
    1498       1.3203
    1499       0.9458
    1500       1.3081
    1501       1.1042
    1502       1.2499
    1503       1.2811
    1504       1.3816
    1505       1.1878
    1506       0.9262
    1507       1.3129
    1508       1.1947
    1509       0.8363
    1510       0.8261
    1511       0.4704
    1512       0.6445
    1513       0.9901
    1514       0.9241
    1515       0.7392
    1516       0.5844
    1517       0.9379
    1518       0.5899
    1519       0.6090
    1520       0.6977
    1521       0.5515
    1522       0.7706
    1523       0.8293
    1524       0.8045
    1525       0.7296
    1526       0.6473
    1527       1.1202
    1528       0.4968
    1529       1.1569
    1530       0.5173
    1531       0.7773
    1532       0.8206
    1533       0.9450
    1534       0.6223
    1535       1.1215
    1536       0.8454
    1537       1.0571
    1538       1.2700
    1539       1.1425
    1540       1.4496
    1541       1.1658
    1542       0.6171
    1543       0.9485
    1544       0.6226
    1545       0.9007
    1546       0.8143
    1547       0.8862
    1548       0.7725
    1549       0.9250
    1550       0.7504
    1551       0.7607
    1552       0.5220
    1553       1.0450
    1554       0.7408
    1555       1.0215
    1556       0.9067
    1557       1.0076
    1558       0.9058
    1559       0.7297
    1560       0.8900
    1561       0.9922
    1562       0.7611
    1563       0.6663
    1564       0.7750
    1565       0.6214
    1566       0.7501
    1567       0.6280
    1568       0.5002
    1569       0.8243
    1570       0.7520
    1571       0.9607
    1572       0.8712
    1573       0.8916
    1574       1.2380
    1575       1.1094
    1576       0.9833
    1577       0.8315
    1578       1.1035
    1579       0.9725
    1580       1.1054
    1581       1.0927
    1582       0.7136
    1583       0.9603
    1584       0.8877
    1585       1.0198
    1586       1.0039
    1587       0.9845
    1588       0.8449
    1589       0.8960
    1590       0.7485
    1591       0.9315
    1592       0.8207
    1593       0.6945
    1594       0.5860
    1595       0.9578
    1596       1.0147
    1597       1.0585
    1598       1.3227
    1599       1.0394
    1600       0.5260
    1601       1.3015
    1602       0.9441
    1603       0.9391
    1604       1.3554
    1605       0.9292
    1606       1.2966
    1607       1.0459
    1608       1.0102
    1609       1.0611
    1610       1.1390
    1611       1.3135
    1612       1.1056
    1613       0.8246
    1614       0.9241
    1615       1.2119
    1616       1.1345
    1617       1.2891
    1618       0.8385
    1619       1.0063
    1620       0.7404
    1621       0.8076
    1622       1.0574
    1623       1.4095
    1624       1.1130
    1625       0.5792
    1626       0.6946
    1627       0.9171
    1628       0.9594
    1629       0.9226
    1630       0.8933
    1631       0.6777
    1632       0.9313
    1633       0.8816
    1634       1.1516
    1635       0.9642
    1636       0.9884
    1637       0.8088
    1638       1.0885
    1639       0.8753
    1640       1.3205
    1641       1.2769
    1642       0.8615
    1643       1.0837
    1644       1.1301
    1645       1.1029
    1646       1.0554
    1647       1.1713
    1648       1.3257
    1649       1.2655
    1650       1.1331
    1651       1.3087
    1652       1.2003
    1653       1.2625
    1654       1.1847
    1655       1.2957
    1656       1.2153
    1657       1.0159
    1658       1.1935
    1659       1.0003
    1660       1.3432
    1661       1.4724
    1662       1.2855
    1663       1.2600
    1664       1.1951
    1665       1.2975
    1666       1.0750
    1667       1.2557
    1668       1.4349
    1669       1.3542
    1670       0.7716
    1671       1.1263
    1672       0.9757
    1673       1.2802
    1674       1.0295
    1675       0.6832
    1676       0.7559
    1677       1.0966
    1678       1.0781
    1679       1.1037
    1680       0.9497
    1681       0.9047
    1682       1.0185
    1683       1.1062
    1684       1.1200
    1685       0.8566
    1686       1.1907
    1687       1.1615
    1688       1.1473
    1689       0.9474
    1690       0.9473
    1691       1.0845
    1692       1.0863
    1693       0.9706
    1694       0.8376
    1695       1.2477
    1696       1.0143
    1697       0.7996
    1698       0.8735
    1699       1.0107
    1700       0.6874
    1701       0.8257
    1702       0.9728
    1703       1.2617
    1704       1.1583
    1705       1.0875
    1706       1.0005
    1707       1.0251
    1708       0.9976
    1709       1.4456
    1710       1.1123
    1711       0.9050
    1712       0.8851
    1713       0.8773
    1714       1.1028
    1715       1.2385
    1716       1.3112
    1717       0.9458
    1718       0.8466
    1719       1.0303
    1720       0.8656
    1721       0.7240
    1722       0.9952
    1723       1.2038
    1724       0.9665
    1725       0.8910
    1726       1.4667
    1727       1.0449
    1728       0.9859
    1729       1.0011
    1730       1.0091
    1731       1.1387
    1732       1.0504
    1733       1.2213
    1734       0.9641
    1735       1.1094
    1736       0.8571
    1737       1.2911
    1738       0.7664
    1739       1.1486
    1740       0.6445
    1741       1.4484
    1742       1.0419
    1743       0.8635
    1744       1.3594
    1745       1.3100
    1746       1.3348
    1747       1.3104
    1748       1.2674
    1749       1.0218
    1750       1.2479
    1751       1.1341
    1752       0.9931
    1753       1.0575
    1754       1.2404
    1755       1.0509
    1756       1.0011
    1757       1.0689
    1758       1.0679
    1759       1.3084
    1760       1.2915
    1761       0.8431
    1762       0.8966
    1763       1.3281
    1764       1.5001
    1765       1.1781
    1766       1.1110
    1767       1.3365
    1768       1.1762
    1769       1.2318
    1770       1.0742
    1771       0.8432
    1772       1.2109
    1773       1.0848
    1774       0.7801
    1775       0.7144
    1776       1.0175
    1777       0.9663
    1778       0.9841
    1779       1.1501
    1780       0.9066
    1781       0.7246
    1782       0.6601
    1783       0.9269
    1784       0.8756
    1785       0.9465
    1786       0.9455
    1787       1.1644
    1788       0.7872
    1789       0.9104
    1790       0.7485
    1791       0.8481
    1792       0.9508
    1793       1.0738
    1794       0.8118
    1795       0.7778
    1796       0.8838
    1797       0.6851
    1798       0.9202
    1799       0.7646
    1800       1.2925
    1801       1.0991
    1802       0.9090
    1803       0.5735
    1804       0.9950
    1805       0.5895
    1806       0.3504
    1807       0.9318
    1808       0.6554
    1809       0.7392
    1810       0.9927
    1811       1.1474
    1812       0.7444
    1813       1.1352
    1814       0.9326
    1815       1.4389
    1816       0.7433
    1817       0.4273
    1818       0.9434
    1819       0.8018
    1820       0.8052
    1821       0.9467
    1822       0.6380
    1823       0.7288
    1824       0.7513
    1825       0.5339
    1826       0.4429
    1827       0.7394
    1828       0.4339
    1829       0.7657
    1830       0.4532
    1831       0.6455
    1832       0.4918
    1833       0.8024
    1834       0.8739
    1835       0.5156
    1836       0.8540
    1837       0.7534
    1838       0.9704
    1839       0.5706
    1840       0.8782
    1841       0.6976
    1842       0.6481
    1843       0.4676
    1844       0.4937
    1845       0.6464
    1846       1.1319
    1847       0.7272
    1848       0.8908
    1849       0.4859
    1850       0.7220
    1851       0.7961
    1852       0.8402
    1853       0.5505
    1854       0.7468
    1855       0.6915
    1856       0.8200
    1857       0.7792
    1858       0.6406
    1859       0.8354
    1860       0.5598
    1861       0.7427
    1862       0.6867
    1863       0.7306
    1864       0.9379
    1865       1.0864
    1866       1.1726
    1867       0.8720
    1868       1.4159
    1869       1.3010
    1870       0.6762
    1871       0.8860
    1872       1.0976
    1873       1.3928
    1874       0.7739
    1875       0.7532
    1876       1.0387
    1877       1.1037
    1878       1.1778
    1879       0.5946
    1880       1.0560
    1881       1.3321
    1882       0.9409
    1883       1.0437
    1884       1.0018
    1885       1.2025
    1886       1.0383
    1887       0.9328
    1888       0.9135
    1889       0.7225
    1890       0.7142
    1891       0.9512
    1892       1.0584
    1893       1.2620
    1894       1.3704
    1895       1.1489
    1896       0.7784
    1897       0.8175
    1898       1.1744
    1899       0.9598
    1900       1.2403
    1901       1.0105
    1902       1.0848
    1903       0.5684
    1904       0.5018
    1905       0.7233
    1906       0.7116
    1907       1.2713
    1908       0.8412
    1909       0.7269
    1910       0.6369
    1911       0.8875
    1912       0.9562
    1913       1.1937
    1914       1.1755
    1915       0.7236
    1916       0.6749
    1917       0.6238
    1918       0.7908
    1919       0.8933
    1920       0.5596
    1921       1.1672
    1922       1.1113
    1923       0.6608
    1924       1.0046
    1925       0.4495
    1926       0.8340
    1927       1.0178
    1928       0.5682
    1929       0.9279
    1930       1.0970
    1931       0.7262
    1932       0.6234
    1933       0.7407
    1934       0.7199
    1935       0.8431
    1936       1.1930
    1937       1.0508
    1938       0.8767
    1939       1.1132
    1940       1.0933
    1941       1.3254
    1942       0.7424
    1943       1.0321
    1944       1.2731
    1945       1.2410
    1946       1.0702
    1947       1.3600
    1948       1.3506
    1949       1.1588
    1950       1.2326
    1951       1.1174
    1952       1.0797
    1953       1.1345
    1954       1.4273
    1955       1.0394
    1956       1.0134
    1957       1.0248
    1958       1.1576
    1959       1.1986
    1960       1.2914
    1961       1.2442
    1962       1.4111
    1963       1.1659
    1964       1.3266
    1965       1.2923
    1966       1.1934
    1967       1.2948
    1968       1.6912
    1969       1.4339
    1970       1.2954
    1971       1.3812
    1972       1.4198
    1973       0.9443
    1974       1.2577
    1975       1.4160
    1976       1.1900
    1977       0.7451
    1978       1.0910
    1979       1.2350
    1980       1.3619
    1981       1.3921
    1982       1.4264
    1983       1.2983
    1984       1.2924
    1985       1.2521
    1986       1.2174
    1987       1.6003
    1988       1.4212
    1989       1.5019
    1990       1.4206
    1991       1.3720
    1992       1.5343
    1993       1.5755
    1994       1.1881
    1995       1.2161
    1996       1.0757
    1997       1.0790
    1998       1.2712
    1999       1.5213
    2000       1.0201
    2001       1.2134
    2002       1.2088
    2003       1.0917
    2004       0.8393
    2005       1.2726
    2006       1.2539
    2007       1.4923
    2008       1.4435
    2009       1.4306
    2010       1.3560
    2011       1.7144
    2012       1.4563
    2013       1.5251
    2014       1.0073
    2015       1.1302
    2016       0.9789
    2017       1.8224
    2018       0.9807
    2019       1.6097
    2020       1.1432
    2021       1.0925
    2022       1.2824
    2023       1.1339
    2024       1.1875
    2025       1.1479
    2026       1.3139
    2027       1.5082
    2028       1.2597
    2029       1.4355
    2030       1.3702
    2031       1.4816
    2032       1.0119
    2033       1.2705
    2034       1.4118
    2035       1.1113
    2036       1.0986
    2037       1.1947
    2038       1.4689
    2039       1.2252
    2040       1.2364
    2041       1.4796
    2042       1.1578
    2043       1.2818
    2044       1.1017
    2045       1.2217
    2046       1.6024
    2047       1.2815
    2048       1.1840
    2049       1.2409
    2050       1.0829
    2051       1.3044
    2052       1.4360
    2053       1.3390
    2054       1.2345
    2055       1.1708
    2056       1.2600
    2057       0.8927
    2058       1.1265
    2059       1.2337
    2060       0.8833
    2061       0.7138
    2062       1.0225
    2063       0.9828
    2064       1.1384
    2065       0.9663
    2066       0.3925
    2067       1.2222
    2068       0.9849
    2069       0.9495
    2070       1.0189
    2071       1.2269
    2072       1.1128
    2073       1.2049
    2074       0.6330
    2075       1.0778
    2076       1.0687
    2077       0.8231
    2078       1.2960
    2079       1.4003
    2080       1.3829
    2081       1.3043
    2082       1.3323
    2083       1.3676
    2084       1.5651
    2085       1.5531
    2086       1.5779
    2087       1.4642
    2088       1.4367
    2089       1.4285
    2090       1.4823
    2091       0.9230
    2092       1.3654
    2093       1.6478
    2094       1.6739
    2095       1.1445
    2096       0.9232
    2097       1.4164
    2098       1.3491
    2099       1.5125
    2100       1.4127
    2101       1.1400
    2102       0.7674
    2103       1.0510
    2104       1.5202
    2105       1.5946
    2106       1.0593
    2107       1.3220
    2108       1.4629
    2109       1.2728
    2110       1.2293
    2111       1.2874
    2112       1.2338
    2113       1.2415
    2114       1.0947
    2115       1.1410
    2116       1.0622
    2117       1.3863
    2118       1.0492
    2119       0.8580
    2120       0.9497
    2121       1.1142
    2122       0.7582
    2123       0.8267
    2124       0.7366
    2125       0.8084
    2126       0.9475
    2127       0.6953
    2128       0.4861
    2129       0.5808
    2130       0.8106
    2131       0.6036
    2132       0.8129
    2133       0.7030
    2134       0.8653
    2135       0.6532
    2136       1.1413
    2137       0.8433
    2138       1.0193
    2139       0.9294
    2140       1.0440
    2141       1.1223
    2142       0.9609
    2143       1.1661
    2144       0.8824
    2145       0.9829
    2146       0.9759
    2147       1.1385
    2148       1.1829
    2149       0.8612
    2150       1.0205
    2151       1.1991
    2152       1.3380
    2153       0.8909
    2154       0.7046
    2155       0.9072
    2156       0.9549
    2157       0.5877
    2158       1.0983
    2159       0.9691
    2160       1.0622
    2161       0.9233
    2162       0.9587
    2163       1.0113
    2164       0.6429
    2165       0.7020
    2166       1.0311
    2167       1.0801
    2168       0.7044
    2169       1.0577
    2170       1.1620
    2171       1.0348
    2172       0.8277
    2173       1.0609
    2174       0.7741
    2175       0.6553
    2176       0.6773
    2177       0.5692
    2178       1.2754
    2179       0.9001
    2180       1.1192
    2181       0.7516
    2182       0.6935
    2183       0.7045
    2184       0.7742
    2185       0.9068
    2186       0.6687
    2187       0.7191
    2188       0.9492
    2189       0.9458
    2190       1.0129
    2191       1.1927
    2192       1.2464
    2193       1.1253
    2194       0.8312
    2195       0.9576
    2196       1.0734
    2197       0.9454
    2198       1.1969
    2199       1.1140
    2200       1.0728
    2201       1.1311
    2202       1.1500
    2203       0.8408
    2204       1.1888
    2205       1.1346
    2206       1.0057
    2207       0.9286
    2208       0.8445
    2209       0.5809
    2210       1.1881
    2211       0.6399
    2212       0.9765
    2213       0.8524
    2214       1.1917
    2215       1.1568
    2216       1.4588
    2217       1.2979
    2218       1.6634
    2219       1.6053
    2220       0.9267
    2221       1.3832
    2222       1.4394
    2223       0.9994
    2224       1.1237
    2225       1.4103
    2226       1.5591
    2227       1.1516
    2228       0.9596
    2229       1.0000
    2230       1.4107
    2231       1.4066
    2232       1.0465
    2233       1.2950
    2234       1.2984
    2235       1.3188
    2236       1.1124
    2237       0.8848
    2238       0.8690
    2239       0.9839
    2240       0.8112
    2241       0.7512
    2242       0.9670
    2243       1.1556
    2244       0.8381
    2245       1.1783
    2246       1.2382
    2247       1.1340
    2248       1.7390
    2249       1.2220
    2250       1.2737
    2251       1.0244
    2252       1.2155
    2253       1.2757
    2254       1.4894
    2255       1.3883
    2256       1.2285
    2257       1.2060
    2258       1.6667
    2259       1.3195
    2260       1.4812
    2261       1.4182
    2262       1.4806
    2263       1.1158
    2264       1.0693
    2265       1.3416
    2266       1.4097
    2267       1.1633
    2268       1.2738
    2269       1.1095
    2270       0.7195
    2271       0.9115
    2272       1.0075
    2273       1.0817
    2274       0.9934
    2275       0.9599
    2276       1.2842
    2277       1.1810
    2278       1.2864
    2279       1.0972
    2280       0.8045
    2281       1.0871
    2282       1.0254
    2283       1.1779
    2284       0.9722
    2285       1.3148
    2286       0.9170
    2287       1.1248
    2288       1.3436
    2289       1.1496
    2290       1.5023
    2291       0.8385
    2292       0.9231
    2293       0.9955
    2294       1.3393
    2295       1.0318
    2296       0.7329
    2297       1.2604
    2298       1.3079
    2299       1.1529
    2300       1.3478
    2301       1.1116
    2302       1.1457
    2303       1.0494
    2304       1.0344
    2305       1.2928
    2306       1.2437
    2307       0.9652
    2308       0.9979
    2309       1.1438
    2310       0.9473
    2311       0.7078
    2312       0.7988
    2313       1.0957
    2314       0.8618
    2315       1.1172
    2316       0.8220
    2317       1.1182
    2318       0.8574
    2319       0.9716
    2320       1.3228
    2321       1.3230
    2322       1.1576
    2323       1.0456
    2324       0.9642
    2325       1.3669
    2326       1.4075
    2327       1.1478
    2328       1.2016
    2329       0.7922
    2330       1.1930
    2331       1.1203
    2332       1.2715
    2333       1.3308
    2334       1.5470
    2335       1.3032
    2336       0.9362
    2337       1.1207
    2338       0.9676
    2339       1.1326
    2340       1.3330
    2341       1.0113
    2342       0.9675
    2343       1.2766
    2344       1.4758
    2345       1.1470
    2346       1.3917
    2347       0.9429
    2348       1.0457
    2349       1.0612
    2350       1.4402
    2351       1.4225
    2352       1.4340
    2353       1.3658
    2354       1.5089
    2355       1.5763
    2356       1.4540
    2357       1.4588
    2358       1.3245
    2359       0.9078
    2360       1.2836
    2361       1.0640
    2362       1.2831
    2363       1.3793
    2364       1.4150
    2365       1.7010
    2366       1.8013
    2367       1.7906
    2368       1.6739
    2369       1.5391
    2370       1.5137
    2371       1.4719
    2372       1.2271
    2373       1.2679
    2374       1.2740
    2375       1.2590
    2376       1.4278
    2377       1.3174
    2378       1.4149
    2379       1.4163
    2380       1.3368
    2381       1.4774
    2382       1.4051
    2383       1.4553
    2384       1.6015
    2385       1.2590
    2386       1.4919
    2387       1.6442
    2388       1.7189
    2389       1.7430
    2390       1.4066
    2391       1.6837
    2392       1.4030
    2393       1.5162
    2394       1.5135
    2395       1.1966
    2396       1.5589
    2397       1.8483
    2398       1.1147
    2399       1.4582
    2400       1.6936
    2401       1.4693
    2402       1.4183
    2403       1.8546
    2404       1.4195
    2405       1.7416
    2406       1.2424
    2407       1.5974
    2408       1.2910
    2409       1.3176
    2410       1.5680
    2411       1.5518
    2412       1.4231
    2413       1.6733
    2414       1.7298
    2415       1.4040
    2416       1.6898
    2417       1.1343
    2418       1.5830
    2419       1.5808
    2420       1.1896
    2421       1.2697
    2422       1.3955
    2423       1.3126
    2424       1.4503
    2425       1.5772
    2426       1.3043
    2427       1.3992
    2428       1.4945
    2429       1.3632
    2430       1.5101
    2431       1.1876
    2432       1.3412
    2433       1.5074
    2434       1.4847
    2435       1.6599
    2436       1.5014
    2437       1.6306
    2438       1.4815
    2439       1.4498
    2440       1.2647
    2441       1.4111
    2442       1.4386
    2443       1.4130
    2444       1.2783
    2445       1.2534
    2446       1.0897
    2447       1.3484
    2448       1.3109
    2449       0.8856
    2450       1.0944
    2451       1.4230
    2452       1.1560
    2453       1.3264
    2454       1.4458
    2455       1.2235
    2456       1.3104
    2457       1.2970
    2458       1.2827
    2459       1.0585
    2460       0.6825
    2461       1.1574
    2462       1.0517
    2463       1.0964
    2464       1.2128
    2465       1.3806
    2466       1.5791
    2467       1.4317
    2468       1.2738
    2469       1.6280
    2470       1.0239
    2471       1.0989
    2472       1.3641
    2473       1.3753
    2474       1.2297
    2475       1.3102
    2476       1.1643
    2477       1.0036
    2478       1.0992
    2479       1.0082
    2480       0.5557
    2481       0.4767
    2482       0.7504
    2483       0.8474
    2484       0.6057
    2485       0.9714
    2486       0.8153
    2487       0.6973
    2488       0.7206
    2489       1.3107
    2490       1.3665
    2491       1.0571
    2492       0.7893
    2493       1.0926
    2494       0.6197
    2495       1.0832
    2496       1.1038
    2497       0.6167
    2498       0.8383
    2499       0.8115
    2500       1.2060
    2501       0.6125
    2502       1.2861
    2503       1.2238
    2504       0.9483
    2505       1.2953
    2506       1.5394
    2507       1.0693
    2508       1.0910
    2509       0.8859
    2510       0.9965
    2511       1.3825
    2512       1.3818
    2513       1.2419
    2514       1.2142
    2515       1.1102
    2516       1.6654
    2517       1.5774
    2518       1.7042
    2519       1.1411
    2520       1.0190
    2521       1.3172
    2522       1.0605
    2523       1.0107
    2524       1.0054
    2525       1.1477
    2526       1.1424
    2527       0.9455
    2528       1.2012
    2529       0.9371
    2530       1.1029
    2531       1.2010
    2532       0.9406
    2533       1.3371
    2534       1.1573
    2535       1.5224
    2536       1.6413
    2537       1.3208
    2538       1.5129
    2539       1.4298
    2540       1.6730
    2541       1.3140
    2542       1.2880
    2543       1.1396
    2544       1.5482
    2545       1.6407
    2546       1.4317
    2547       1.2086
    2548       1.2328
    2549       1.1441
    2550       0.9650
    2551       0.9955
    2552       1.1557
    2553       1.3237
    2554       1.0719
    2555       1.3107
    2556       1.0849
    2557       1.0810
    2558       1.1591
    2559       0.9086
    2560       0.9183
    2561       1.3051
    2562       1.1606
    2563       0.8174
    2564       0.8386
    2565       0.9022
    2566       0.9384
    2567       1.0937
    2568       1.1816
    2569       1.0418
    2570       1.5064
    2571       1.6185
    2572       1.4753
    2573       1.3503
    2574       0.8133
    2575       1.0470
    2576       1.1924
    2577       1.2220
    2578       0.9093
    2579       1.0409
    2580       1.2616
    2581       1.0609
    2582       0.9299
    2583       1.0924
    2584       1.2756
    2585       0.9137
    2586       0.9082
    2587       0.8416
    2588       1.2499
    2589       1.0631
    2590       1.0785
    2591       1.0244
    2592       0.9012
    2593       1.0656
    2594       0.8300
    2595       0.7843
    2596       0.9882
    2597       1.2513
    2598       1.0958
    2599       1.0485
    2600       1.1968
    2601       1.1010
    2602       1.0807
    2603       1.0865
    2604       1.1007
    2605       1.0871
    2606       1.2000
    2607       0.9902
    2608       0.9219
    2609       0.9751
    2610       1.0034
    2611       1.3154
    2612       1.0526
    2613       1.0943
    2614       0.8098
    2615       0.5516
    2616       1.1157
    2617       1.0855
    2618       1.0411
    2619       0.8942
    2620       1.0197
    2621       1.1378
    2622       1.1257
    2623       0.9538
    2624       1.1810
    2625       1.1474
    2626       1.2094
    2627       1.0880
    2628       1.0831
    2629       0.9625
    2630       1.2596
    2631       1.3412
    2632       1.2987
    2633       1.1004
    2634       0.9406
    2635       0.9490
    2636       0.7857
    2637       0.9803
    2638       0.9952
    2639       1.1167
    2640       1.2685
    2641       1.2394
    2642       1.3742
    2643       1.2098
    2644       1.0401
    2645       0.8686
    2646       1.0995
    2647       0.9667
    2648       0.8833
    2649       0.6291
    2650       1.1178
    2651       1.2004
    2652       1.2286
    2653       0.8826
    2654       0.6094
    2655       0.9665
    2656       1.0187
    2657       1.2652
    2658       1.3994
    2659       1.1755
    2660       1.4449
    2661       1.3147
    2662       1.1169
    2663       1.3805
    2664       0.9975
    2665       1.0835
    2666       1.0889
    2667       1.3459
    2668       0.9984
    2669       1.1923
    2670       1.3072
    2671       1.5603
    2672       1.1861
    2673       1.4064
    2674       1.4188
    2675       1.4189
    2676       1.1054
    2677       1.1501
    2678       1.4188
    2679       1.1709
    2680       1.4632
    2681       1.3335
    2682       1.6448
    2683       1.4348
    2684       1.1659
    2685       1.1289
    2686       1.1313
    2687       1.1296
    2688       1.2792
    2689       1.2450
    2690       1.4969
    2691       1.4568
    2692       1.6275
    2693       1.5326
    2694       1.4202
    2695       1.7745
    2696       1.3589
    2697       0.9786
    2698       1.2807
    2699       1.2846
    2700       1.2353
    2701       1.1933
    2702       1.3247
    2703       1.0343
    2704       0.8981
    2705       1.0404
    2706       1.3598
    2707       0.9426
    2708       1.1823
    2709       1.7132
    2710       1.3970
    2711       1.5485
    2712       1.6447
    2713       1.3522
    2714       1.5215
    2715       1.2450
    2716       1.3278
    2717       1.1475
    2718       1.0060
    2719       0.8584
    2720       1.4939
    2721       1.1734
    2722       1.0770
    2723       1.3647
    2724       1.0496
    2725       1.0295
    2726       1.2557
    2727       1.0454
    2728       0.9747
    2729       1.5897
    2730       1.4161
    2731       1.5199
    2732       1.6462
    2733       1.1928
    2734       1.5339
    2735       1.1660
    2736       1.3279
    2737       1.2527
    2738       1.5120
    2739       1.3995
    2740       1.3394
    2741       1.3206
