#Frame        protcut
       1       1.1091
       2       1.1344
       3       1.1038
       4       1.1046
       5       1.0974
       6       1.0972
       7       1.1144
       8       1.1065
       9       1.1050
      10       1.1067
      11       1.0953
      12       1.1120
      13       1.1103
      14       1.0994
      15       1.0987
      16       1.1120
      17       1.1076
      18       1.1051
      19       1.0950
      20       1.1018
      21       1.1129
      22       1.1065
      23       1.1115
      24       1.1068
      25       1.0998
      26       1.1036
      27       1.1074
      28       1.0923
      29       1.0887
      30       1.1123
      31       1.1061
      32       1.0954
      33       1.1144
      34       1.1066
      35       1.0968
      36       1.1024
      37       1.1109
      38       1.0994
      39       1.0915
      40       1.1081
      41       1.1020
      42       1.1182
      43       1.1043
      44       1.0977
      45       1.0946
      46       1.1090
      47       1.1065
      48       1.1010
      49       1.1110
      50       1.1080
      51       1.1067
      52       1.1026
      53       1.1039
      54       1.0930
      55       1.1081
      56       1.1069
      57       1.0959
      58       1.0967
      59       1.1068
      60       1.0934
      61       1.1057
      62       1.1089
      63       1.1069
      64       1.0942
      65       1.1088
      66       1.1071
      67       1.1141
      68       1.1123
      69       1.1133
      70       1.0998
      71       1.1043
      72       1.0978
      73       1.0977
      74       1.0923
      75       1.1097
      76       1.1180
      77       1.1107
      78       1.1003
      79       1.1061
      80       1.0901
      81       1.1021
      82       1.0989
      83       1.1047
      84       1.1025
      85       1.1097
      86       1.1027
      87       1.1000
      88       1.1042
      89       1.1078
      90       1.0987
      91       1.1059
      92       1.1058
      93       1.0978
      94       1.1008
      95       1.0991
      96       1.1004
      97       1.1042
      98       1.1017
      99       1.0962
     100       1.0986
     101       1.0913
     102       1.1014
     103       1.0476
     104       1.2055
     105       1.0869
     106       1.1692
     107       1.1961
     108       1.1223
     109       1.1309
     110       1.1665
     111       1.2331
     112       1.2728
     113       1.2724
     114       1.2746
     115       1.3411
     116       1.3305
     117       1.2576
     118       1.3707
     119       1.2783
     120       1.3773
     121       1.4305
     122       1.4159
     123       1.3499
     124       1.3622
     125       1.2995
     126       1.3348
     127       1.3973
     128       1.3998
     129       1.4486
     130       1.3937
     131       1.4353
     132       1.4417
     133       1.4885
     134       1.3651
     135       1.4227
     136       1.4959
     137       1.5031
     138       1.5388
     139       1.6271
     140       1.5939
     141       1.5118
     142       1.5731
     143       1.5602
     144       1.5563
     145       1.6856
     146       1.5891
     147       1.5740
     148       1.5368
     149       1.5626
     150       1.5448
     151       1.5584
     152       1.6247
     153       1.5965
     154       1.7130
     155       1.6982
     156       1.6944
     157       1.6752
     158       1.7212
     159       1.7443
     160       1.6316
     161       1.5953
     162       1.6393
     163       1.6143
     164       1.5811
     165       1.5268
     166       1.6663
     167       1.6104
     168       1.5715
     169       1.6215
     170       1.4857
     171       1.4477
     172       1.4927
     173       1.4855
     174       1.5583
     175       1.5015
     176       1.5514
     177       1.5593
     178       1.5752
     179       1.5322
     180       1.5188
     181       1.5448
     182       1.5862
     183       1.6155
     184       1.5952
     185       1.5504
     186       1.5856
     187       1.4898
     188       1.5115
     189       1.4409
     190       1.5611
     191       1.5883
     192       1.5355
     193       1.6137
     194       1.6209
     195       1.6527
     196       1.6415
     197       1.6872
     198       1.7560
     199       1.8012
     200       1.7482
     201       1.7254
     202       1.7120
     203       1.7677
     204       1.6911
     205       1.7371
     206       1.7113
     207       1.6068
     208       1.5982
     209       1.5935
     210       1.5842
     211       1.6693
     212       1.7212
     213       1.7682
     214       1.7268
     215       1.6713
     216       1.6431
     217       1.6819
     218       1.6403
     219       1.6494
     220       1.5993
     221       1.6184
     222       1.5825
     223       1.5836
     224       1.6251
     225       1.6146
     226       1.6228
     227       1.7108
     228       1.6774
     229       1.6858
     230       1.7121
     231       1.6825
     232       1.5965
     233       1.6005
     234       1.4853
     235       1.5031
     236       1.5602
     237       1.5924
     238       1.6296
     239       1.6112
     240       1.6748
     241       1.6595
     242       1.5742
     243       1.5598
     244       1.4948
     245       1.5485
     246       1.5628
     247       1.5860
     248       1.5692
     249       1.5606
     250       1.5278
     251       1.5290
     252       1.6294
     253       1.6094
     254       1.6132
     255       1.5780
     256       1.5738
     257       1.5668
     258       1.6504
     259       1.6233
     260       1.6090
     261       1.6164
     262       1.6363
     263       1.6346
     264       1.6704
     265       1.6516
     266       1.6690
     267       1.6528
     268       1.6157
     269       1.6224
     270       1.5896
     271       1.5394
     272       1.5282
     273       1.5578
     274       1.5541
     275       1.5432
     276       1.5514
     277       1.5550
     278       1.6148
     279       1.6129
     280       1.6728
     281       1.6399
     282       1.6649
     283       1.6208
     284       1.6088
     285       1.6220
     286       1.6655
     287       1.6389
     288       1.6296
     289       1.6403
     290       1.6427
     291       1.6904
     292       1.7226
     293       1.6637
     294       1.7165
     295       1.6835
     296       1.6386
     297       1.6839
     298       1.6731
     299       1.7552
     300       1.7770
     301       1.7063
     302       1.7481
     303       1.7262
     304       1.7199
     305       1.6919
     306       1.6879
     307       1.6924
     308       1.7285
     309       1.7799
     310       1.7686
     311       1.7513
     312       1.6896
     313       1.7113
     314       1.6224
     315       1.6537
     316       1.6496
     317       1.6415
     318       1.6477
     319       1.6817
     320       1.7000
     321       1.7555
     322       1.7418
     323       1.7829
     324       1.7725
     325       1.7571
     326       1.8197
     327       1.7288
     328       1.7537
     329       1.7909
     330       1.8252
     331       1.8079
     332       1.8662
     333       1.8071
     334       1.8699
     335       1.8835
     336       1.8331
     337       1.8056
     338       1.7590
     339       1.8798
     340       1.8602
     341       1.8816
     342       1.9007
     343       1.8641
     344       1.8807
     345       1.9111
     346       1.8314
     347       1.7470
     348       1.6992
     349       1.6913
     350       1.7800
     351       1.8052
     352       1.7807
     353       1.7507
     354       1.7932
     355       1.7982
     356       1.7865
     357       1.7999
     358       1.8422
     359       1.8281
     360       1.7872
     361       1.7976
     362       1.8151
     363       1.7351
     364       1.7181
     365       1.7242
     366       1.7977
     367       1.7355
     368       1.7252
     369       1.7651
     370       1.8743
     371       1.8468
     372       1.8414
     373       1.8804
     374       1.8574
     375       1.7523
     376       1.7811
     377       1.7544
     378       1.7246
     379       1.7307
     380       1.6692
     381       1.6247
     382       1.6681
     383       1.6461
     384       1.7174
     385       1.7798
     386       1.7508
     387       1.7830
     388       1.7691
     389       1.6965
     390       1.7766
     391       1.7927
     392       1.7520
     393       1.8081
     394       1.7468
     395       1.7008
     396       1.7624
     397       1.8145
     398       1.7974
     399       1.8031
     400       1.8707
     401       1.8915
     402       1.9068
     403       1.9440
     404       1.8711
     405       1.8435
     406       1.8576
     407       1.8357
     408       1.7511
     409       1.7696
     410       1.8388
     411       1.8168
     412       1.9237
     413       1.9115
     414       1.9330
     415       1.9116
     416       1.9722
     417       1.9321
     418       1.9814
     419       1.9789
     420       2.0569
     421       2.0246
     422       1.9468
     423       1.9478
     424       1.9647
     425       1.8716
     426       1.8819
     427       1.8513
     428       1.9299
     429       1.8491
     430       1.8539
     431       1.9662
     432       1.8766
     433       1.8858
     434       1.8311
     435       1.8102
     436       1.8178
     437       1.8070
     438       1.7724
     439       1.8377
     440       1.8265
     441       1.7840
     442       1.8101
     443       1.8087
     444       1.8692
     445       1.8287
     446       1.8248
     447       1.8572
     448       1.8966
     449       1.8344
     450       1.8728
     451       1.8711
     452       1.8683
     453       1.8207
     454       1.8295
     455       1.8751
     456       1.8864
     457       1.9537
     458       1.9173
     459       1.9350
     460       2.0036
     461       1.9148
     462       1.8846
     463       1.8428
     464       1.8144
     465       1.7497
     466       1.9241
     467       1.9602
     468       1.9289
     469       1.8869
     470       1.9046
     471       1.8540
     472       1.9281
     473       1.9149
     474       1.9221
     475       1.9522
     476       1.9620
     477       1.9877
     478       1.9547
     479       1.9666
     480       2.0474
     481       2.0510
     482       2.0169
     483       1.8921
     484       1.9308
     485       1.9311
     486       1.9367
     487       1.9745
     488       1.9538
     489       1.9837
     490       1.9750
     491       1.9932
     492       2.0783
     493       2.1251
     494       2.0298
     495       2.0708
     496       2.0979
     497       2.1032
     498       2.0119
     499       2.0786
     500       2.0826
     501       2.0826
     502       2.0750
     503       1.9601
     504       2.1090
     505       2.0599
     506       2.0467
     507       1.9319
     508       1.9253
     509       1.9027
     510       1.8990
     511       1.9506
     512       1.9881
     513       2.0328
     514       2.1967
     515       2.1619
     516       2.1951
     517       2.2287
     518       2.1156
     519       2.1749
     520       2.0896
     521       2.0245
     522       2.0362
     523       2.0339
     524       1.9800
     525       1.9944
     526       2.0802
     527       2.0724
     528       2.0628
     529       2.0909
     530       2.1086
     531       2.1438
     532       2.0519
     533       2.0827
     534       2.0625
     535       2.0608
     536       2.0292
     537       2.0653
     538       2.1009
     539       2.0475
     540       2.0834
     541       2.1119
     542       2.1412
     543       2.0512
     544       2.1455
     545       2.1207
     546       2.0430
     547       2.0583
     548       2.0160
     549       2.0214
     550       2.1135
     551       2.0411
     552       2.0388
     553       2.0503
     554       2.0196
     555       1.9615
     556       1.9778
     557       2.0324
     558       1.9911
     559       1.9142
     560       1.9766
     561       1.9827
     562       1.8983
     563       1.9502
     564       1.9254
     565       2.0616
     566       1.9758
     567       2.1349
     568       2.1237
     569       2.1010
     570       2.1108
     571       2.0413
     572       2.0165
     573       2.0346
     574       2.1422
     575       2.1615
     576       2.1975
     577       2.2193
     578       2.1925
     579       2.2308
     580       2.1982
     581       2.1613
     582       2.1498
     583       2.1535
     584       2.1448
     585       2.1274
     586       2.0616
     587       1.9989
     588       2.0231
     589       2.0151
     590       2.0899
     591       2.1804
     592       2.1868
     593       2.1469
     594       2.1044
     595       2.0962
     596       2.0754
     597       2.0623
     598       2.0230
     599       2.0030
     600       2.0259
     601       2.1199
     602       2.0210
     603       2.0652
     604       2.1193
     605       2.1196
     606       2.1649
     607       2.1672
     608       2.1378
     609       2.0190
     610       2.0783
     611       2.0246
     612       2.0283
     613       2.0370
     614       2.0102
     615       2.0294
     616       1.9281
     617       1.9722
     618       2.0500
     619       1.9268
     620       1.9410
     621       2.0010
     622       2.0246
     623       1.9978
     624       2.0345
     625       2.0043
     626       2.0817
     627       2.0557
     628       2.0652
     629       2.0837
     630       2.1331
     631       2.1459
     632       2.1839
     633       2.2279
     634       2.1202
     635       2.1040
     636       2.0376
     637       2.0960
     638       2.1436
     639       2.1115
     640       2.1229
     641       2.1736
     642       2.0958
     643       2.0854
     644       2.0519
     645       2.0271
     646       2.0605
     647       2.0423
     648       2.0486
     649       2.0058
     650       2.0038
     651       2.0136
     652       2.1506
     653       2.1554
     654       2.1706
     655       2.0739
     656       2.1032
     657       2.1331
     658       2.1041
     659       2.1326
     660       2.1773
     661       2.2052
     662       2.1520
     663       2.1581
     664       2.1237
     665       2.1286
     666       2.0521
     667       2.1771
     668       2.2613
     669       2.2029
     670       2.1613
     671       2.1182
     672       2.1516
     673       2.1870
     674       2.2051
     675       2.1714
     676       2.1705
     677       2.1874
     678       2.2025
     679       2.2025
     680       2.2809
     681       2.2412
     682       2.1249
     683       2.1328
     684       2.2922
     685       2.3110
     686       2.2352
     687       2.2712
     688       2.2816
     689       2.3065
     690       2.2301
     691       2.2856
     692       2.3233
     693       2.2523
     694       2.3122
     695       2.2746
     696       2.3705
     697       2.3808
     698       2.3365
     699       2.3660
     700       2.3113
     701       2.3269
     702       2.2790
     703       2.2655
     704       2.2257
     705       2.1792
     706       2.2081
     707       2.1866
     708       2.1796
     709       2.1807
     710       2.1447
     711       2.0851
     712       2.0243
     713       2.0398
     714       2.0876
     715       2.1212
     716       2.1694
     717       2.1586
     718       2.1509
     719       2.1545
     720       2.1402
     721       2.2049
     722       2.1330
     723       2.1476
     724       2.1501
     725       2.2173
     726       2.1655
     727       2.0999
     728       2.2005
     729       2.0960
     730       2.1141
     731       2.0719
     732       2.0001
     733       2.1117
     734       2.0379
     735       2.0774
     736       2.0290
     737       2.0550
     738       2.0486
     739       2.0636
     740       2.0557
     741       2.0705
     742       2.0107
     743       1.9554
     744       1.9824
     745       1.9972
     746       1.9177
     747       1.9259
     748       1.9271
     749       1.9063
     750       1.9384
     751       1.9512
     752       1.9782
     753       1.9301
     754       1.9065
     755       1.9257
     756       1.8647
     757       1.9284
     758       1.9066
     759       1.9268
     760       2.0141
     761       2.1072
     762       2.0749
     763       2.0889
     764       2.0256
     765       2.0122
     766       2.0017
     767       1.9698
     768       1.9904
     769       1.9972
     770       1.9757
     771       1.9893
     772       2.0166
     773       2.0645
     774       2.0090
     775       2.0004
     776       1.9196
     777       1.9344
     778       1.8919
     779       1.9231
     780       1.9723
     781       1.9872
     782       2.0222
     783       2.0518
     784       2.0770
     785       2.0595
     786       2.0520
     787       2.0742
     788       2.0423
     789       2.1033
     790       2.0798
     791       2.1052
     792       2.0888
     793       2.0592
     794       2.0382
     795       2.0588
     796       2.0516
     797       2.0155
     798       2.1068
     799       2.0550
     800       2.0602
     801       2.0161
     802       2.0317
     803       2.0652
     804       1.9897
     805       1.9598
     806       1.9292
     807       1.9579
     808       1.9264
     809       1.9925
     810       1.9443
     811       1.9321
     812       1.9677
     813       2.0486
     814       2.1093
     815       2.0597
     816       1.9937
     817       1.9798
     818       2.0175
     819       1.9992
     820       2.0010
     821       1.9555
     822       2.0545
     823       2.0327
     824       1.9714
     825       2.0115
     826       2.0057
     827       2.0897
     828       2.1036
     829       2.0972
     830       2.1769
     831       2.2032
     832       2.1781
     833       2.2100
     834       2.1778
     835       2.1347
     836       2.1672
     837       2.2087
     838       2.1841
     839       2.1463
     840       2.1526
     841       2.1593
     842       2.1357
     843       2.1739
     844       2.1935
     845       2.2446
     846       2.2396
     847       2.3530
     848       2.3103
     849       2.3277
     850       2.3113
     851       2.3429
     852       2.3076
     853       2.2952
     854       2.2554
     855       2.2830
     856       2.2621
     857       2.2252
     858       2.2192
     859       2.1379
     860       2.1189
     861       2.0641
     862       2.1533
     863       2.1567
     864       2.0664
     865       2.1151
     866       2.0636
     867       2.1252
     868       2.0960
     869       2.0427
     870       2.0526
     871       2.0257
     872       2.1408
     873       2.1101
     874       2.0415
     875       2.0496
     876       2.0588
     877       2.0115
     878       2.0643
     879       2.0299
     880       1.9869
     881       1.9693
     882       1.9324
     883       1.9301
     884       1.9464
     885       1.9626
     886       1.9655
     887       1.9410
     888       2.0333
     889       2.0579
     890       2.0417
     891       2.0923
     892       2.0177
     893       2.0256
     894       2.0289
     895       1.9399
     896       1.9337
     897       1.9678
     898       1.9753
     899       1.9439
     900       1.9738
     901       1.9839
     902       1.9102
     903       1.9916
     904       2.1011
     905       2.1031
     906       2.0920
     907       2.1148
     908       2.1384
     909       2.0586
     910       2.0665
     911       1.9492
     912       1.9418
     913       1.9683
     914       1.9923
     915       1.9891
     916       2.0586
     917       2.0456
     918       2.0762
     919       1.9888
     920       1.9619
     921       1.9479
     922       1.9530
     923       1.9940
     924       1.9787
     925       1.9924
     926       1.9918
     927       2.0704
     928       2.0003
     929       2.0449
     930       2.0000
     931       2.0450
     932       2.0826
     933       2.0664
     934       2.0134
     935       2.0671
     936       2.0291
     937       2.0859
     938       2.0133
     939       1.9961
     940       2.0127
     941       1.9817
     942       2.0021
     943       2.0076
     944       2.0110
     945       2.0242
     946       1.9912
     947       1.9983
     948       1.9862
     949       1.9836
     950       2.0022
     951       2.0481
     952       2.0635
     953       2.0866
     954       2.0565
     955       2.0237
     956       1.9220
     957       1.9595
     958       1.9524
     959       2.0518
     960       2.0121
     961       2.1143
     962       2.1049
     963       2.0953
     964       2.0647
     965       2.0606
     966       2.0327
     967       2.1726
     968       2.1388
     969       2.2383
     970       2.1821
     971       2.2592
     972       2.4161
     973       2.3467
     974       2.3962
     975       2.3627
     976       2.3391
     977       2.3439
     978       2.3127
     979       2.3254
     980       2.3492
     981       2.2364
     982       2.3008
     983       2.2955
     984       2.3674
     985       2.3826
     986       2.4085
     987       2.4220
     988       2.3813
     989       2.4718
     990       2.5178
     991       2.4575
     992       2.4627
     993       2.4061
     994       2.4671
     995       2.3786
     996       2.2921
     997       2.3521
     998       2.2930
     999       2.3379
    1000       2.3381
    1001       2.3734
    1002       2.2439
    1003       2.2826
    1004       2.2623
    1005       2.3016
    1006       2.2258
    1007       2.2576
    1008       2.3347
    1009       2.2793
    1010       2.1983
    1011       2.2484
    1012       2.2508
    1013       2.3013
    1014       2.3249
    1015       2.2791
    1016       2.2670
    1017       2.3176
    1018       2.4090
    1019       2.3886
    1020       2.4016
    1021       2.4222
    1022       2.4508
    1023       2.4098
    1024       2.4025
    1025       2.4219
    1026       2.3944
    1027       2.4077
    1028       2.4270
    1029       2.4005
    1030       2.4830
    1031       2.5783
    1032       2.5565
    1033       2.5743
    1034       2.4516
    1035       2.5169
    1036       2.5350
    1037       2.5937
    1038       2.5501
    1039       2.4917
    1040       2.5334
    1041       2.4998
    1042       2.3852
    1043       2.4420
    1044       2.4664
    1045       2.3956
    1046       2.3605
    1047       2.3102
    1048       2.5001
    1049       2.5170
    1050       2.5516
    1051       2.5405
    1052       2.4125
    1053       2.4352
    1054       2.3947
    1055       2.3504
    1056       2.4368
    1057       2.5708
    1058       2.5617
    1059       2.4473
    1060       2.4950
    1061       2.5866
    1062       2.4664
    1063       2.4522
    1064       2.4617
    1065       2.4025
    1066       2.4019
    1067       2.3962
    1068       2.4871
    1069       2.3190
    1070       2.3913
    1071       2.4442
    1072       2.3636
    1073       2.3252
    1074       2.4178
    1075       2.3475
    1076       2.4254
    1077       2.3792
    1078       2.3609
    1079       2.4273
    1080       2.4243
    1081       2.3319
    1082       2.3675
    1083       2.4453
    1084       2.4617
    1085       2.3640
    1086       2.4261
    1087       2.3701
    1088       2.4302
    1089       2.4893
    1090       2.5522
    1091       2.6581
    1092       2.6566
    1093       2.6739
    1094       2.6339
    1095       2.5929
    1096       2.6320
    1097       2.7343
    1098       2.7711
    1099       2.7338
    1100       2.6361
    1101       2.6844
    1102       2.6085
    1103       2.7608
    1104       2.7895
    1105       2.6626
    1106       2.7611
    1107       2.6694
    1108       2.6627
    1109       2.6118
    1110       2.6304
    1111       2.6022
    1112       2.7362
    1113       2.6725
    1114       2.5538
    1115       2.5712
    1116       2.6493
    1117       2.6467
    1118       2.7004
    1119       2.6823
    1120       2.7121
    1121       2.8571
    1122       2.8792
    1123       2.9070
    1124       2.8740
    1125       2.8796
    1126       2.8804
    1127       2.8726
    1128       2.9148
    1129       2.8336
    1130       2.8447
    1131       2.8393
    1132       2.8889
    1133       2.8667
    1134       2.7650
    1135       2.6721
    1136       2.6933
    1137       2.7792
    1138       2.7723
    1139       2.7313
    1140       2.7403
    1141       2.6863
    1142       2.7745
    1143       2.7921
    1144       2.7639
    1145       2.7714
    1146       2.7804
    1147       2.7535
    1148       2.8774
    1149       2.8871
    1150       2.9766
    1151       2.9594
    1152       3.0602
    1153       3.0566
    1154       3.0395
    1155       2.9969
    1156       3.0786
    1157       3.0635
    1158       3.0541
    1159       3.0451
    1160       3.0231
    1161       2.9641
    1162       2.9421
    1163       3.0032
    1164       3.0146
    1165       3.0064
    1166       2.9717
    1167       2.9575
    1168       2.9466
    1169       2.9579
    1170       2.9518
    1171       2.9926
    1172       2.9630
    1173       3.0206
    1174       3.0454
    1175       3.1018
    1176       3.0447
    1177       3.0604
    1178       3.0319
    1179       2.9664
    1180       2.9568
    1181       2.8773
    1182       2.9149
    1183       2.9419
    1184       3.0438
    1185       3.0082
    1186       3.0212
    1187       2.9809
    1188       2.8752
    1189       2.8512
    1190       2.8647
    1191       2.8122
    1192       2.8467
    1193       2.8854
    1194       2.8228
    1195       2.7587
    1196       2.7083
    1197       2.7663
    1198       2.7657
    1199       2.7316
    1200       2.7920
    1201       2.7048
    1202       2.6498
    1203       2.6904
    1204       2.7977
    1205       2.7478
    1206       2.6201
    1207       2.6877
    1208       2.7757
    1209       2.8176
    1210       2.8784
    1211       2.9024
    1212       2.8280
    1213       2.8168
    1214       2.8578
    1215       2.7945
    1216       2.8383
    1217       2.9011
    1218       2.9099
    1219       2.9563
    1220       2.8851
    1221       2.7645
    1222       2.7532
    1223       2.8128
    1224       2.7510
    1225       2.7975
    1226       2.6595
    1227       2.6157
    1228       2.5714
    1229       2.6671
    1230       2.7445
    1231       2.6758
    1232       2.6943
    1233       2.6503
    1234       2.6214
    1235       2.6730
    1236       2.6206
    1237       2.5404
    1238       2.5403
    1239       2.6017
    1240       2.5918
    1241       2.5350
    1242       2.5527
    1243       2.5946
    1244       2.6207
    1245       2.7508
    1246       2.6987
    1247       2.6960
    1248       2.6223
    1249       2.6473
    1250       2.6855
    1251       2.6528
    1252       2.7000
    1253       2.6645
    1254       2.8390
    1255       2.7511
    1256       2.7068
    1257       2.6559
    1258       2.6520
    1259       2.5853
    1260       2.7034
    1261       2.6586
    1262       2.6819
    1263       2.7827
    1264       2.7339
    1265       2.6444
    1266       2.6241
    1267       2.6057
    1268       2.6850
    1269       2.6457
    1270       2.7016
    1271       2.7316
    1272       2.6660
    1273       2.7041
    1274       2.6460
    1275       2.6767
    1276       2.7072
    1277       2.6355
    1278       2.6777
    1279       2.6237
    1280       2.6515
    1281       2.6505
    1282       2.5616
    1283       2.6011
    1284       2.6436
    1285       2.6303
    1286       2.5809
    1287       2.5434
    1288       2.5430
    1289       2.5612
    1290       2.5607
    1291       2.5677
    1292       2.5727
    1293       2.6263
    1294       2.5959
    1295       2.6487
    1296       2.6612
    1297       2.7481
    1298       2.7794
    1299       2.7566
    1300       2.8555
    1301       2.7447
    1302       2.6541
    1303       2.7239
    1304       2.7793
    1305       2.6654
    1306       2.7365
    1307       2.7507
    1308       2.7831
    1309       2.7582
    1310       2.8557
    1311       2.8467
    1312       2.8784
    1313       2.7886
    1314       2.8091
    1315       2.8015
    1316       2.7431
    1317       2.8270
    1318       2.8549
    1319       2.8740
    1320       2.7790
    1321       2.7520
    1322       2.6690
    1323       2.8176
    1324       2.8690
    1325       2.8376
    1326       2.7940
    1327       2.8031
    1328       2.8085
    1329       2.8469
    1330       2.9220
    1331       2.8381
    1332       2.8042
    1333       2.7466
    1334       2.7272
    1335       2.6883
    1336       2.6510
    1337       2.6505
    1338       2.7154
    1339       2.7044
    1340       2.6320
    1341       2.6914
    1342       2.7145
    1343       2.6962
    1344       2.8154
    1345       2.8103
    1346       2.7557
    1347       2.7585
    1348       2.8439
    1349       2.8193
    1350       2.8933
    1351       2.8786
    1352       2.7744
    1353       2.7748
    1354       2.7683
    1355       2.6554
    1356       2.6904
    1357       2.7072
    1358       2.7151
    1359       2.8520
    1360       2.8195
    1361       2.8551
    1362       2.8590
    1363       2.8898
    1364       2.8537
    1365       2.7295
    1366       2.6121
    1367       2.7256
    1368       2.7646
    1369       2.9061
    1370       2.8922
    1371       2.8391
    1372       2.8158
    1373       2.8903
    1374       2.8463
    1375       2.7694
    1376       2.7049
    1377       2.6987
    1378       2.6361
    1379       2.7254
    1380       2.6907
    1381       2.5881
    1382       2.6796
    1383       2.6360
    1384       2.7398
    1385       2.7814
    1386       2.8038
    1387       2.8788
    1388       2.9045
    1389       2.7605
    1390       2.7552
    1391       2.6426
    1392       2.6238
    1393       2.7322
    1394       2.7209
    1395       2.7400
    1396       2.5823
    1397       2.5837
    1398       2.6068
    1399       2.6389
    1400       2.6448
    1401       2.5474
    1402       2.5513
    1403       2.6367
    1404       2.5659
    1405       2.6650
    1406       2.6209
    1407       2.6279
    1408       2.5904
    1409       2.6092
    1410       2.6355
    1411       2.5994
    1412       2.5332
    1413       2.4683
    1414       2.4186
    1415       2.5572
    1416       2.6178
    1417       2.5958
    1418       2.6439
    1419       2.6249
    1420       2.6274
    1421       2.6180
    1422       2.5567
    1423       2.5900
    1424       2.4695
    1425       2.5407
    1426       2.5949
    1427       2.5756
    1428       2.5253
    1429       2.5308
    1430       2.5476
    1431       2.5247
    1432       2.6003
    1433       2.6734
    1434       2.7158
    1435       2.6812
    1436       2.7257
    1437       2.6733
    1438       2.5517
    1439       2.5655
    1440       2.4648
    1441       2.5067
    1442       2.4361
    1443       2.5196
    1444       2.5516
    1445       2.4846
    1446       2.4675
    1447       2.4864
    1448       2.4395
    1449       2.4903
    1450       2.4636
    1451       2.4476
    1452       2.3172
    1453       2.3691
    1454       2.4562
    1455       2.4182
    1456       2.5015
    1457       2.4057
    1458       2.3279
    1459       2.3251
    1460       2.3326
    1461       2.3821
    1462       2.3664
    1463       2.4123
    1464       2.5336
    1465       2.5235
    1466       2.5381
    1467       2.4993
    1468       2.5103
    1469       2.4442
    1470       2.4281
    1471       2.4327
    1472       2.4282
    1473       2.3887
    1474       2.4313
    1475       2.5193
    1476       2.4696
    1477       2.4581
    1478       2.4622
    1479       2.5567
    1480       2.5989
    1481       2.5784
    1482       2.6747
    1483       2.6602
    1484       2.6610
    1485       2.7156
    1486       2.6766
    1487       2.7414
    1488       2.7329
    1489       2.7813
    1490       2.7371
    1491       2.7124
    1492       2.6571
    1493       2.6562
    1494       2.6756
    1495       2.7121
    1496       2.5992
    1497       2.6778
    1498       2.7026
    1499       2.6313
    1500       2.6401
    1501       2.6513
    1502       2.6537
    1503       2.6336
    1504       2.6226
    1505       2.6336
    1506       2.5251
    1507       2.6042
    1508       2.5565
    1509       2.5811
    1510       2.6076
    1511       2.5935
    1512       2.5896
    1513       2.6382
    1514       2.6382
    1515       2.5212
    1516       2.5242
    1517       2.5040
    1518       2.4807
    1519       2.5252
    1520       2.4854
    1521       2.4957
    1522       2.5081
    1523       2.5550
    1524       2.5052
    1525       2.4982
    1526       2.5426
    1527       2.5454
    1528       2.5046
    1529       2.5129
    1530       2.5103
    1531       2.5698
    1532       2.5334
    1533       2.5106
    1534       2.5404
    1535       2.5624
    1536       2.6298
    1537       2.6652
    1538       2.6631
    1539       2.5028
    1540       2.5049
    1541       2.4012
    1542       2.4654
    1543       2.4557
    1544       2.4430
    1545       2.3704
    1546       2.3858
    1547       2.3766
    1548       2.4046
    1549       2.4280
    1550       2.4321
    1551       2.3957
    1552       2.4359
    1553       2.3447
    1554       2.4384
    1555       2.5417
    1556       2.5198
    1557       2.5434
    1558       2.3627
    1559       2.3889
    1560       2.3920
    1561       2.3921
    1562       2.3933
    1563       2.4413
    1564       2.4275
    1565       2.4771
    1566       2.3960
    1567       2.4238
    1568       2.4305
    1569       2.4573
    1570       2.5185
    1571       2.5951
    1572       2.5535
    1573       2.4620
    1574       2.5369
    1575       2.4376
    1576       2.5520
    1577       2.5624
    1578       2.5802
    1579       2.5101
    1580       2.4745
    1581       2.5282
    1582       2.5179
    1583       2.4839
    1584       2.5217
    1585       2.5214
    1586       2.5044
    1587       2.5269
    1588       2.4534
    1589       2.3743
    1590       2.4083
    1591       2.4194
    1592       2.3874
    1593       2.4144
    1594       2.3954
    1595       2.4601
    1596       2.4666
    1597       2.4783
    1598       2.4218
    1599       2.4232
    1600       2.4667
    1601       2.4038
    1602       2.3840
    1603       2.3199
    1604       2.3910
    1605       2.3118
    1606       2.3420
    1607       2.3296
    1608       2.3281
    1609       2.3758
    1610       2.3178
    1611       2.3198
    1612       2.4041
    1613       2.4165
    1614       2.3280
    1615       2.3578
    1616       2.3125
    1617       2.2467
    1618       2.3064
    1619       2.2503
    1620       2.2206
    1621       2.2583
    1622       2.3282
    1623       2.2577
    1624       2.2429
    1625       2.2336
    1626       2.3140
    1627       2.3035
    1628       2.2344
    1629       2.2492
    1630       2.2416
    1631       2.1531
    1632       2.2101
    1633       2.2238
    1634       2.1924
    1635       2.1973
    1636       2.2332
    1637       2.1667
    1638       2.1737
    1639       2.2120
    1640       2.2903
    1641       2.2693
    1642       2.2088
    1643       2.1582
    1644       2.1057
    1645       2.1790
    1646       2.2199
    1647       2.1768
    1648       2.1105
    1649       2.1584
    1650       2.2023
    1651       2.1979
    1652       2.1991
    1653       2.2117
    1654       2.2631
    1655       2.3181
    1656       2.3592
    1657       2.2841
    1658       2.4362
    1659       2.3818
    1660       2.3326
    1661       2.4249
    1662       2.3470
    1663       2.3080
    1664       2.3619
    1665       2.3499
    1666       2.3899
    1667       2.4250
    1668       2.4435
    1669       2.4346
    1670       2.4705
    1671       2.4856
    1672       2.4472
    1673       2.4194
    1674       2.3988
    1675       2.3733
    1676       2.4742
    1677       2.3803
    1678       2.3663
    1679       2.4036
    1680       2.3781
    1681       2.3752
    1682       2.4474
    1683       2.5190
    1684       2.5005
    1685       2.4266
    1686       2.4246
    1687       2.4633
    1688       2.4087
    1689       2.4238
    1690       2.5072
    1691       2.5407
    1692       2.4300
    1693       2.4223
    1694       2.4798
    1695       2.4181
    1696       2.4151
    1697       2.3774
    1698       2.3268
    1699       2.3621
    1700       2.2990
    1701       2.3418
    1702       2.3149
    1703       2.3092
    1704       2.2942
    1705       2.2377
    1706       2.2031
    1707       2.1867
    1708       2.2115
    1709       2.2510
    1710       2.2060
    1711       2.2636
    1712       2.1999
    1713       2.2274
    1714       2.2306
    1715       2.1961
    1716       2.2494
    1717       2.2107
    1718       2.2477
    1719       2.1886
    1720       2.2864
    1721       2.2581
    1722       2.2898
    1723       2.3570
    1724       2.3586
    1725       2.3616
    1726       2.3322
    1727       2.3545
    1728       2.3394
    1729       2.3745
    1730       2.3575
    1731       2.3807
    1732       2.3680
    1733       2.3381
    1734       2.3009
    1735       2.2268
    1736       2.2469
    1737       2.1778
    1738       2.1446
    1739       2.1917
    1740       2.1912
    1741       2.2094
    1742       2.1740
    1743       2.1799
    1744       2.2640
    1745       2.3486
    1746       2.4419
    1747       2.4210
    1748       2.3587
    1749       2.3926
    1750       2.3609
    1751       2.4311
    1752       2.4482
    1753       2.4073
    1754       2.4516
    1755       2.3726
    1756       2.3735
    1757       2.3783
    1758       2.4340
    1759       2.3425
    1760       2.3937
    1761       2.3867
    1762       2.4260
    1763       2.4440
    1764       2.4331
    1765       2.4965
    1766       2.4699
    1767       2.4866
    1768       2.5568
    1769       2.5967
    1770       2.5240
    1771       2.4499
    1772       2.4343
    1773       2.4448
    1774       2.4806
    1775       2.4877
    1776       2.6341
    1777       2.6710
    1778       2.6674
    1779       2.6236
    1780       2.6766
    1781       2.6597
    1782       2.7753
    1783       2.7511
    1784       2.7487
    1785       2.6441
    1786       2.7448
    1787       2.6863
    1788       2.5644
    1789       2.6565
    1790       2.7304
    1791       2.5780
    1792       2.5972
    1793       2.6899
    1794       2.7274
    1795       2.6459
    1796       2.5959
    1797       2.6568
    1798       2.7148
    1799       2.7262
    1800       2.6858
    1801       2.6788
    1802       2.6734
    1803       2.6659
    1804       2.6409
    1805       2.6017
    1806       2.6259
    1807       2.5619
    1808       2.5592
    1809       2.6244
    1810       2.5594
    1811       2.5951
    1812       2.5306
    1813       2.4975
    1814       2.6006
    1815       2.5655
    1816       2.6266
    1817       2.6218
    1818       2.5914
    1819       2.5908
    1820       2.4364
    1821       2.4427
    1822       2.3594
    1823       2.3836
    1824       2.4024
    1825       2.5533
    1826       2.5143
    1827       2.5048
    1828       2.5302
    1829       2.4576
    1830       2.4244
    1831       2.4604
    1832       2.3804
    1833       2.3846
    1834       2.4331
    1835       2.3848
    1836       2.3603
    1837       2.3968
    1838       2.4015
    1839       2.4683
    1840       2.4395
    1841       2.3330
    1842       2.3237
    1843       2.3732
    1844       2.3734
    1845       2.3853
    1846       2.3701
    1847       2.3446
    1848       2.3613
    1849       2.3722
    1850       2.3429
    1851       2.4103
    1852       2.4476
    1853       2.4549
    1854       2.4175
    1855       2.4096
    1856       2.3811
    1857       2.3597
    1858       2.4718
    1859       2.4182
    1860       2.3958
    1861       2.3134
    1862       2.3599
    1863       2.4278
    1864       2.4111
    1865       2.4263
    1866       2.4564
    1867       2.4561
    1868       2.5420
    1869       2.5809
    1870       2.4874
    1871       2.4261
    1872       2.3879
    1873       2.4755
    1874       2.4842
    1875       2.5918
    1876       2.5611
    1877       2.4874
    1878       2.4523
    1879       2.4485
    1880       2.3840
    1881       2.3554
    1882       2.2859
    1883       2.3324
    1884       2.3865
    1885       2.4121
    1886       2.3760
    1887       2.4009
    1888       2.3101
    1889       2.4787
    1890       2.3909
    1891       2.3204
    1892       2.3870
    1893       2.3570
    1894       2.3890
    1895       2.3303
    1896       2.2994
    1897       2.2470
    1898       2.2805
    1899       2.2090
    1900       2.1781
    1901       2.1706
    1902       2.1856
    1903       2.1577
    1904       2.2571
    1905       2.2385
    1906       2.1948
    1907       2.1125
    1908       2.2536
    1909       2.1971
    1910       2.1717
    1911       2.1629
    1912       2.1833
    1913       2.1826
    1914       2.1440
    1915       2.1380
    1916       2.2370
    1917       2.1582
    1918       2.1956
    1919       2.2692
    1920       2.1566
    1921       2.2251
    1922       2.1981
    1923       2.2392
    1924       2.1323
    1925       2.1265
    1926       2.1784
    1927       2.1640
    1928       2.1742
    1929       2.1427
    1930       2.2295
    1931       2.1054
    1932       2.0502
    1933       2.0915
    1934       2.0208
    1935       1.9436
    1936       1.9077
    1937       1.9696
    1938       1.9831
    1939       2.0411
    1940       2.0443
    1941       1.9749
    1942       1.9911
    1943       2.0189
    1944       1.9700
    1945       1.9608
    1946       1.9468
    1947       1.9971
    1948       2.0616
    1949       2.0370
    1950       2.0223
    1951       2.0909
    1952       2.1001
    1953       2.0961
    1954       2.0924
    1955       2.1590
    1956       2.0714
    1957       2.0378
    1958       2.0297
    1959       2.0231
    1960       2.0544
    1961       2.1026
    1962       2.1049
    1963       2.1130
    1964       2.1301
    1965       2.1147
    1966       2.0890
    1967       2.1116
    1968       2.1794
    1969       2.1523
    1970       2.1261
    1971       2.1918
    1972       2.2049
    1973       2.1299
    1974       2.0826
    1975       2.2204
    1976       2.1313
    1977       2.2408
    1978       2.1724
    1979       2.1597
    1980       2.2386
    1981       2.2433
    1982       2.2782
    1983       2.2450
    1984       2.3253
    1985       2.3075
    1986       2.2757
    1987       2.1564
    1988       2.1165
    1989       2.1385
    1990       2.0706
    1991       2.0777
    1992       2.1114
    1993       2.1469
    1994       2.1004
    1995       2.0873
    1996       2.0231
    1997       2.1121
    1998       2.0868
    1999       2.0813
    2000       2.1097
    2001       2.1476
    2002       2.1057
    2003       2.1440
    2004       2.2399
    2005       2.1550
    2006       2.1797
    2007       2.1830
    2008       2.1368
    2009       2.1503
    2010       2.1316
    2011       2.1293
    2012       2.1662
    2013       2.1874
    2014       2.1968
    2015       2.1982
    2016       2.2177
    2017       2.2505
    2018       2.1980
    2019       2.1879
    2020       2.2581
    2021       2.2322
    2022       2.1899
    2023       2.2045
    2024       2.2173
    2025       2.2547
    2026       2.2711
    2027       2.2527
    2028       2.2350
    2029       2.2519
    2030       2.2996
    2031       2.2197
    2032       2.2103
    2033       2.1601
    2034       2.3200
    2035       2.2606
    2036       2.3375
    2037       2.3813
    2038       2.2545
    2039       2.3444
    2040       2.3212
    2041       2.3251
    2042       2.3596
    2043       2.4332
    2044       2.3646
    2045       2.3879
    2046       2.3945
    2047       2.3327
    2048       2.3286
    2049       2.2972
    2050       2.2755
    2051       2.3190
    2052       2.3277
    2053       2.2460
    2054       2.2693
    2055       2.2333
    2056       2.2182
    2057       2.2270
    2058       2.2532
    2059       2.2441
    2060       2.2317
    2061       2.1910
    2062       2.2764
    2063       2.2461
    2064       2.2139
    2065       2.2470
    2066       2.2129
    2067       2.1841
    2068       2.1727
    2069       2.1503
    2070       2.1450
    2071       2.1323
    2072       2.2326
    2073       2.2190
    2074       2.2205
    2075       2.1732
    2076       2.1665
    2077       2.2022
    2078       2.2486
    2079       2.2093
    2080       2.2102
    2081       2.2278
    2082       2.2186
    2083       2.2055
    2084       2.2207
    2085       2.1455
    2086       2.2180
    2087       2.2322
    2088       2.1498
    2089       2.0892
    2090       2.1616
    2091       2.1639
    2092       2.2220
    2093       2.1847
    2094       2.2472
    2095       2.1984
    2096       2.2298
    2097       2.2323
    2098       2.2089
    2099       2.2366
    2100       2.3158
    2101       2.3436
    2102       2.3689
    2103       2.3402
    2104       2.4034
    2105       2.4164
    2106       2.3591
    2107       2.3573
    2108       2.2820
    2109       2.2791
    2110       2.2861
    2111       2.2798
    2112       2.2510
    2113       2.2486
    2114       2.2807
    2115       2.2653
    2116       2.2335
    2117       2.3065
    2118       2.2933
    2119       2.3117
    2120       2.2940
    2121       2.2602
    2122       2.3119
    2123       2.3578
    2124       2.4157
    2125       2.3472
    2126       2.4315
    2127       2.2762
    2128       2.2805
    2129       2.3326
    2130       2.3400
    2131       2.3109
    2132       2.2993
    2133       2.2856
    2134       2.2660
    2135       2.3417
    2136       2.3760
    2137       2.4679
    2138       2.3810
    2139       2.4296
    2140       2.4811
    2141       2.4296
    2142       2.4654
    2143       2.4912
    2144       2.4754
    2145       2.4513
    2146       2.4308
    2147       2.4543
    2148       2.4460
    2149       2.4830
    2150       2.4045
    2151       2.4364
    2152       2.5430
    2153       2.5266
    2154       2.4570
    2155       2.3698
    2156       2.4661
    2157       2.4042
    2158       2.3697
    2159       2.4459
    2160       2.4406
    2161       2.5011
    2162       2.5380
    2163       2.4878
    2164       2.4512
    2165       2.4444
    2166       2.4625
    2167       2.5782
    2168       2.6070
    2169       2.6924
    2170       2.5692
    2171       2.5333
    2172       2.5794
    2173       2.6039
    2174       2.5355
    2175       2.5756
    2176       2.5764
    2177       2.5323
    2178       2.5407
    2179       2.4878
    2180       2.5362
    2181       2.5416
    2182       2.4690
    2183       2.4701
    2184       2.4357
    2185       2.5020
    2186       2.5256
    2187       2.4793
    2188       2.4971
    2189       2.5115
    2190       2.5786
    2191       2.6099
    2192       2.5611
    2193       2.5280
    2194       2.5296
    2195       2.5586
    2196       2.4983
    2197       2.5118
    2198       2.6133
    2199       2.6781
    2200       2.6951
    2201       2.6476
    2202       2.6127
    2203       2.5854
    2204       2.6341
    2205       2.5702
    2206       2.6109
    2207       2.5393
    2208       2.6642
    2209       2.6253
    2210       2.5297
    2211       2.4724
    2212       2.4230
    2213       2.3842
    2214       2.3887
    2215       2.4622
    2216       2.4935
    2217       2.5289
    2218       2.5041
    2219       2.6496
    2220       2.5020
    2221       2.5667
    2222       2.5660
    2223       2.4199
    2224       2.3668
    2225       2.3419
    2226       2.3708
    2227       2.3193
    2228       2.2788
    2229       2.3474
    2230       2.2892
    2231       2.2694
    2232       2.3072
    2233       2.3316
    2234       2.2815
    2235       2.2674
    2236       2.3359
    2237       2.3746
    2238       2.2949
    2239       2.3666
    2240       2.3929
    2241       2.4458
    2242       2.4023
    2243       2.4085
    2244       2.4689
    2245       2.4254
    2246       2.4310
    2247       2.3928
    2248       2.5282
    2249       2.4560
    2250       2.4982
    2251       2.5855
    2252       2.5416
    2253       2.5529
    2254       2.4626
    2255       2.4952
    2256       2.4091
    2257       2.4879
    2258       2.4752
    2259       2.5384
    2260       2.4970
    2261       2.5459
    2262       2.5424
    2263       2.4742
    2264       2.5032
    2265       2.5281
    2266       2.4143
    2267       2.4111
    2268       2.3552
    2269       2.3299
    2270       2.3500
    2271       2.2899
    2272       2.2280
    2273       2.3177
    2274       2.2907
    2275       2.2782
    2276       2.3362
    2277       2.3403
    2278       2.3511
    2279       2.3957
    2280       2.3563
    2281       2.3639
    2282       2.3793
    2283       2.3529
    2284       2.3862
    2285       2.3239
    2286       2.3835
    2287       2.4231
    2288       2.4051
    2289       2.4542
    2290       2.4392
    2291       2.4662
    2292       2.4497
    2293       2.3626
    2294       2.3486
    2295       2.3461
    2296       2.3653
    2297       2.3338
    2298       2.3870
    2299       2.3932
    2300       2.2926
    2301       2.3145
    2302       2.3045
    2303       2.2453
    2304       2.2478
    2305       2.3205
    2306       2.3443
    2307       2.4050
    2308       2.4069
    2309       2.4296
    2310       2.4359
    2311       2.4167
    2312       2.4736
    2313       2.3805
    2314       2.4268
    2315       2.3906
    2316       2.4303
    2317       2.4966
    2318       2.3500
    2319       2.3923
    2320       2.4505
    2321       2.3748
    2322       2.3438
    2323       2.3503
    2324       2.3770
    2325       2.3822
    2326       2.3634
    2327       2.3398
    2328       2.3639
    2329       2.3729
    2330       2.2654
    2331       2.2530
    2332       2.2503
    2333       2.3387
    2334       2.2477
    2335       2.2383
    2336       2.2546
    2337       2.2025
    2338       2.1825
    2339       2.2494
    2340       2.2654
    2341       2.2078
    2342       2.2849
    2343       2.2917
    2344       2.3011
    2345       2.2562
    2346       2.2500
    2347       2.2557
    2348       2.2160
    2349       2.2934
    2350       2.2930
    2351       2.2740
    2352       2.3053
    2353       2.2402
    2354       2.2449
    2355       2.3350
    2356       2.3095
    2357       2.2056
    2358       2.2875
    2359       2.2108
    2360       2.2280
    2361       2.1967
    2362       2.2283
    2363       2.2071
    2364       2.2693
    2365       2.2671
    2366       2.2972
    2367       2.2704
    2368       2.2229
    2369       2.2626
    2370       2.1707
    2371       2.1533
    2372       2.3002
    2373       2.2611
    2374       2.2506
    2375       2.2183
    2376       2.1862
    2377       2.1542
    2378       2.2332
    2379       2.1938
    2380       2.2680
    2381       2.3162
    2382       2.3392
    2383       2.3510
    2384       2.4091
    2385       2.4005
    2386       2.3540
    2387       2.4630
    2388       2.3876
    2389       2.3368
    2390       2.2976
    2391       2.3391
    2392       2.4091
    2393       2.3448
    2394       2.3413
    2395       2.2968
    2396       2.3716
    2397       2.3550
    2398       2.3209
    2399       2.2630
    2400       2.3257
    2401       2.3669
    2402       2.3999
    2403       2.4464
    2404       2.4305
    2405       2.4549
    2406       2.4776
    2407       2.5251
    2408       2.4789
    2409       2.3483
    2410       2.3996
    2411       2.3919
    2412       2.4779
    2413       2.3798
    2414       2.4228
    2415       2.4406
    2416       2.3568
    2417       2.3703
    2418       2.3691
    2419       2.3502
    2420       2.3078
    2421       2.2945
    2422       2.3493
    2423       2.2269
    2424       2.2392
    2425       2.2602
    2426       2.2824
    2427       2.2360
    2428       2.1801
    2429       2.2454
    2430       2.1893
    2431       2.1781
    2432       2.2789
    2433       2.3370
    2434       2.3259
    2435       2.4166
    2436       2.4229
    2437       2.5407
    2438       2.4626
    2439       2.3918
    2440       2.3589
    2441       2.4139
    2442       2.3681
    2443       2.3170
    2444       2.2377
    2445       2.2371
    2446       2.2195
    2447       2.2797
    2448       2.2786
    2449       2.3523
    2450       2.2943
    2451       2.3841
    2452       2.3829
    2453       2.4515
    2454       2.3514
    2455       2.3467
    2456       2.3061
    2457       2.2553
    2458       2.3162
    2459       2.2457
    2460       2.2641
    2461       2.2215
    2462       2.2532
    2463       2.3353
    2464       2.4005
    2465       2.3818
    2466       2.2961
    2467       2.3033
    2468       2.2276
    2469       2.2450
    2470       2.2224
    2471       2.2621
    2472       2.2994
    2473       2.3656
    2474       2.2337
    2475       2.2981
    2476       2.2591
    2477       2.3418
    2478       2.2797
    2479       2.3670
    2480       2.3901
    2481       2.2513
    2482       2.2724
    2483       2.2571
    2484       2.2513
    2485       2.3958
    2486       2.3829
    2487       2.3818
    2488       2.2643
    2489       2.3584
    2490       2.3669
    2491       2.3490
    2492       2.2807
    2493       2.2546
    2494       2.3236
    2495       2.3015
    2496       2.3219
    2497       2.2587
    2498       2.2936
    2499       2.3261
    2500       2.3626
    2501       2.3635
    2502       2.3716
    2503       2.4228
    2504       2.3689
    2505       2.4210
    2506       2.4487
    2507       2.4764
    2508       2.4100
    2509       2.3478
    2510       2.3910
    2511       2.3940
    2512       2.3297
    2513       2.3170
    2514       2.3510
    2515       2.3411
    2516       2.4378
    2517       2.4210
    2518       2.4686
    2519       2.4044
    2520       2.3089
    2521       2.4010
    2522       2.3864
    2523       2.3531
    2524       2.3559
    2525       2.2956
    2526       2.3388
    2527       2.3244
    2528       2.3809
    2529       2.3625
    2530       2.3420
    2531       2.3717
    2532       2.3253
    2533       2.3630
    2534       2.3074
    2535       2.4019
    2536       2.3478
    2537       2.2840
    2538       2.3645
    2539       2.3504
    2540       2.3549
    2541       2.3097
    2542       2.3225
    2543       2.2893
    2544       2.3257
    2545       2.3291
    2546       2.3554
    2547       2.3517
    2548       2.2793
    2549       2.2680
    2550       2.2878
    2551       2.2608
    2552       2.2486
    2553       2.3290
    2554       2.2737
    2555       2.2357
    2556       2.2618
    2557       2.2909
    2558       2.2634
    2559       2.2848
    2560       2.3596
    2561       2.3260
    2562       2.3723
    2563       2.3787
    2564       2.4299
    2565       2.3768
    2566       2.3541
    2567       2.3396
    2568       2.4423
    2569       2.3934
    2570       2.3467
    2571       2.3355
    2572       2.3682
    2573       2.3701
    2574       2.4766
    2575       2.4235
    2576       2.4285
    2577       2.3877
    2578       2.3935
    2579       2.3870
    2580       2.3853
    2581       2.4222
    2582       2.4178
    2583       2.4728
    2584       2.4836
    2585       2.4624
    2586       2.3925
    2587       2.4197
    2588       2.4869
    2589       2.5133
    2590       2.5367
    2591       2.5602
    2592       2.6443
    2593       2.6137
    2594       2.5241
    2595       2.5382
    2596       2.5945
    2597       2.4861
    2598       2.4523
    2599       2.4490
    2600       2.4558
    2601       2.3748
    2602       2.4207
    2603       2.4163
    2604       2.3642
    2605       2.3679
    2606       2.4127
    2607       2.4251
    2608       2.3956
    2609       2.3868
    2610       2.3895
    2611       2.3700
    2612       2.3030
    2613       2.2722
    2614       2.3470
    2615       2.4015
    2616       2.3588
    2617       2.4059
    2618       2.3064
    2619       2.2980
    2620       2.3379
    2621       2.3359
    2622       2.3200
    2623       2.2253
    2624       2.2454
    2625       2.2341
    2626       2.2814
    2627       2.2287
    2628       2.2280
    2629       2.1679
    2630       2.1639
    2631       2.1948
    2632       2.1529
    2633       2.2380
    2634       2.2111
    2635       2.2873
    2636       2.3255
    2637       2.3427
    2638       2.4225
    2639       2.3549
    2640       2.3262
    2641       2.3960
    2642       2.4032
    2643       2.4081
    2644       2.3645
    2645       2.3585
    2646       2.4361
    2647       2.3583
    2648       2.3724
    2649       2.3303
    2650       2.4090
    2651       2.3835
    2652       2.4120
    2653       2.3258
    2654       2.2927
    2655       2.3574
    2656       2.3166
    2657       2.2658
    2658       2.2903
    2659       2.3345
    2660       2.3669
    2661       2.3809
    2662       2.3242
    2663       2.2930
    2664       2.2427
    2665       2.2210
    2666       2.2922
    2667       2.3084
    2668       2.3101
    2669       2.3143
    2670       2.3522
    2671       2.2759
    2672       2.4637
    2673       2.3085
    2674       2.3601
    2675       2.4200
    2676       2.3287
    2677       2.3706
    2678       2.3164
    2679       2.2350
    2680       2.2417
    2681       2.2321
    2682       2.1971
    2683       2.2017
    2684       2.1947
    2685       2.2039
    2686       2.2628
    2687       2.2256
    2688       2.2293
    2689       2.2572
    2690       2.2064
    2691       2.2013
    2692       2.1623
    2693       2.2165
    2694       2.2769
    2695       2.2029
    2696       2.2393
    2697       2.2597
    2698       2.2482
    2699       2.2204
    2700       2.1950
    2701       2.1729
    2702       2.1534
    2703       2.0926
    2704       2.1883
    2705       2.1140
    2706       2.1391
    2707       2.1461
    2708       2.0513
    2709       2.1129
    2710       2.1042
    2711       2.1400
    2712       2.1508
    2713       2.1063
    2714       2.0855
    2715       2.1566
    2716       2.2263
    2717       2.1907
    2718       2.1780
    2719       2.1707
    2720       2.1936
    2721       2.1168
    2722       2.1146
    2723       2.1571
    2724       2.0981
    2725       2.1223
    2726       2.1429
    2727       2.1462
    2728       2.1409
    2729       2.0839
    2730       2.1726
    2731       2.1611
    2732       2.2270
    2733       2.1549
    2734       2.0792
    2735       2.0935
    2736       2.0896
    2737       2.1373
    2738       2.1221
    2739       2.1439
    2740       2.1698
    2741       2.1616
