#Frame        complex
       1       1.1644
       2       1.1890
       3       1.1600
       4       1.1678
       5       1.1571
       6       1.1591
       7       1.1668
       8       1.1697
       9       1.1645
      10       1.1610
      11       1.1555
      12       1.1659
      13       1.1700
      14       1.1612
      15       1.1571
      16       1.1680
      17       1.1660
      18       1.1680
      19       1.1522
      20       1.1608
      21       1.1735
      22       1.1626
      23       1.1689
      24       1.1607
      25       1.1586
      26       1.1587
      27       1.1639
      28       1.1559
      29       1.1475
      30       1.1721
      31       1.1632
      32       1.1513
      33       1.1723
      34       1.1639
      35       1.1591
      36       1.1619
      37       1.1670
      38       1.1569
      39       1.1496
      40       1.1681
      41       1.1559
      42       1.1770
      43       1.1590
      44       1.1486
      45       1.1497
      46       1.1638
      47       1.1680
      48       1.1624
      49       1.1701
      50       1.1687
      51       1.1634
      52       1.1600
      53       1.1592
      54       1.1523
      55       1.1670
      56       1.1650
      57       1.1581
      58       1.1585
      59       1.1636
      60       1.1516
      61       1.1661
      62       1.1714
      63       1.1651
      64       1.1504
      65       1.1650
      66       1.1636
      67       1.1691
      68       1.1685
      69       1.1716
      70       1.1596
      71       1.1636
      72       1.1551
      73       1.1551
      74       1.1530
      75       1.1702
      76       1.1728
      77       1.1687
      78       1.1588
      79       1.1693
      80       1.1500
      81       1.1591
      82       1.1561
      83       1.1659
      84       1.1561
      85       1.1683
      86       1.1596
      87       1.1540
      88       1.1641
      89       1.1622
      90       1.1524
      91       1.1624
      92       1.1644
      93       1.1522
      94       1.1607
      95       1.1572
      96       1.1582
      97       1.1600
      98       1.1573
      99       1.1535
     100       1.1566
     101       1.1540
     102       1.1641
     103       1.1171
     104       1.2727
     105       1.1753
     106       1.2584
     107       1.2857
     108       1.3041
     109       1.3844
     110       1.4657
     111       1.6449
     112       1.7661
     113       1.7356
     114       1.6884
     115       1.6649
     116       1.7178
     117       1.5928
     118       1.7113
     119       1.6371
     120       1.7313
     121       1.7968
     122       1.8073
     123       1.7664
     124       1.8505
     125       1.8269
     126       1.8384
     127       1.8321
     128       1.7816
     129       1.7641
     130       1.7757
     131       1.7835
     132       1.7607
     133       1.8429
     134       1.8205
     135       1.8340
     136       1.8522
     137       1.8616
     138       1.9499
     139       2.0447
     140       1.9839
     141       1.9569
     142       2.0037
     143       2.0019
     144       1.9757
     145       2.1324
     146       2.0408
     147       2.0761
     148       2.1541
     149       2.2082
     150       2.1954
     151       2.2495
     152       2.3679
     153       2.3633
     154       2.4138
     155       2.4500
     156       2.4787
     157       2.4559
     158       2.3989
     159       2.4299
     160       2.3915
     161       2.3298
     162       2.3385
     163       2.2879
     164       2.3882
     165       2.4044
     166       2.5514
     167       2.4933
     168       2.5551
     169       2.5793
     170       2.3537
     171       2.3833
     172       2.5026
     173       2.4732
     174       2.4395
     175       2.5484
     176       2.6145
     177       2.6126
     178       2.5942
     179       2.7007
     180       2.6336
     181       2.7395
     182       2.6463
     183       2.6160
     184       2.5578
     185       2.3714
     186       2.4851
     187       2.5869
     188       2.4750
     189       2.4542
     190       2.4608
     191       2.3795
     192       2.3661
     193       2.3216
     194       2.3402
     195       2.4418
     196       2.4002
     197       2.5050
     198       2.5073
     199       2.5317
     200       2.6155
     201       2.6267
     202       2.7236
     203       2.7910
     204       2.7340
     205       2.7721
     206       2.8150
     207       2.7246
     208       2.7735
     209       2.7760
     210       2.7333
     211       2.7433
     212       2.7931
     213       2.8390
     214       2.7247
     215       2.6417
     216       2.5859
     217       2.6443
     218       2.6904
     219       2.6484
     220       2.5772
     221       2.6256
     222       2.6880
     223       2.6728
     224       2.5155
     225       2.6052
     226       2.5989
     227       2.6986
     228       2.7074
     229       2.6785
     230       2.6666
     231       2.7216
     232       2.7357
     233       2.7586
     234       2.6472
     235       2.5195
     236       2.4116
     237       2.5584
     238       2.5228
     239       2.5129
     240       2.5932
     241       2.6080
     242       2.5453
     243       2.4295
     244       2.3233
     245       2.4690
     246       2.4695
     247       2.4907
     248       2.4978
     249       2.5007
     250       2.4135
     251       2.4438
     252       2.5441
     253       2.5657
     254       2.5593
     255       2.5690
     256       2.6088
     257       2.5718
     258       2.6501
     259       2.6183
     260       2.5541
     261       2.4770
     262       2.5270
     263       2.5890
     264       2.6818
     265       2.7873
     266       2.7977
     267       2.8147
     268       2.7958
     269       2.8779
     270       2.8031
     271       2.8336
     272       2.7570
     273       2.8529
     274       2.9015
     275       2.7916
     276       2.7521
     277       2.8430
     278       2.9457
     279       2.9335
     280       2.9743
     281       2.9582
     282       2.9963
     283       2.8527
     284       2.9341
     285       2.9271
     286       3.1262
     287       3.0330
     288       3.0618
     289       3.1422
     290       3.1096
     291       3.0872
     292       3.1047
     293       3.0717
     294       3.0677
     295       3.0224
     296       2.9653
     297       2.9569
     298       3.0621
     299       3.3109
     300       3.2739
     301       3.2913
     302       3.3042
     303       3.2878
     304       3.2810
     305       3.2267
     306       3.2091
     307       3.3477
     308       3.3011
     309       3.2304
     310       3.1903
     311       3.1324
     312       3.0331
     313       2.9586
     314       2.8465
     315       2.8180
     316       2.9208
     317       2.9346
     318       2.9819
     319       3.0605
     320       3.1262
     321       3.1606
     322       3.1733
     323       3.0531
     324       3.1095
     325       3.1957
     326       3.2209
     327       3.1503
     328       3.1195
     329       3.1928
     330       3.1370
     331       3.0606
     332       3.0787
     333       2.9901
     334       3.0350
     335       3.0902
     336       3.0897
     337       3.0466
     338       2.9838
     339       3.1300
     340       3.1483
     341       3.0520
     342       3.0583
     343       3.0332
     344       3.0490
     345       3.1221
     346       3.1751
     347       3.0863
     348       2.8830
     349       2.9158
     350       3.0193
     351       3.0801
     352       3.0319
     353       3.1217
     354       3.1464
     355       3.2072
     356       3.2452
     357       3.1923
     358       3.1944
     359       3.3291
     360       3.3193
     361       3.3352
     362       3.3394
     363       3.3376
     364       3.4370
     365       3.5368
     366       3.5650
     367       3.5231
     368       3.4340
     369       3.4800
     370       3.4433
     371       3.5432
     372       3.6298
     373       3.6128
     374       3.5901
     375       3.5370
     376       3.5233
     377       3.6323
     378       3.6847
     379       3.5272
     380       3.5267
     381       3.3592
     382       3.4078
     383       3.4811
     384       3.4796
     385       3.5098
     386       3.4399
     387       3.4238
     388       3.3141
     389       3.2101
     390       3.3254
     391       3.4197
     392       3.2553
     393       3.3236
     394       3.4664
     395       3.4192
     396       3.4846
     397       3.4830
     398       3.4139
     399       3.4446
     400       3.4609
     401       3.5518
     402       3.5052
     403       3.4300
     404       3.5275
     405       3.5505
     406       3.5050
     407       3.5065
     408       3.4611
     409       3.5710
     410       3.6544
     411       3.6515
     412       3.7577
     413       3.6283
     414       3.6537
     415       3.6786
     416       3.7189
     417       3.7089
     418       3.9203
     419       3.9123
     420       3.9621
     421       3.9656
     422       3.9720
     423       3.9522
     424       3.9781
     425       3.9273
     426       3.9688
     427       3.9025
     428       4.0774
     429       4.1327
     430       4.1694
     431       4.2148
     432       4.0915
     433       4.0599
     434       3.8779
     435       3.8277
     436       3.6872
     437       3.6793
     438       3.7056
     439       3.7130
     440       3.6019
     441       3.6559
     442       3.6443
     443       3.7259
     444       3.7770
     445       3.7023
     446       3.6922
     447       3.7253
     448       3.7591
     449       3.7992
     450       3.7727
     451       3.7255
     452       3.8069
     453       3.7119
     454       3.8234
     455       3.6999
     456       3.6810
     457       3.7231
     458       3.8734
     459       3.7771
     460       3.7598
     461       3.8144
     462       3.7692
     463       3.8518
     464       3.8397
     465       3.8363
     466       4.0700
     467       4.1735
     468       4.2559
     469       4.1145
     470       3.9446
     471       3.8542
     472       3.8345
     473       3.9362
     474       4.0082
     475       3.9293
     476       3.8675
     477       3.8890
     478       3.8015
     479       3.9390
     480       3.8926
     481       4.0051
     482       3.8769
     483       3.8401
     484       3.8571
     485       3.8460
     486       3.9620
     487       4.0567
     488       3.9187
     489       3.8516
     490       3.7950
     491       3.9007
     492       3.9542
     493       3.8377
     494       3.7738
     495       3.7588
     496       3.7911
     497       3.7204
     498       3.6700
     499       3.7260
     500       3.7557
     501       3.8155
     502       3.7833
     503       3.7814
     504       3.8722
     505       3.8473
     506       3.7608
     507       3.7732
     508       3.8518
     509       3.8286
     510       3.8870
     511       4.0615
     512       4.0452
     513       4.1593
     514       4.3329
     515       4.4117
     516       4.3865
     517       4.2172
     518       4.2584
     519       4.2776
     520       4.3532
     521       4.3644
     522       4.3351
     523       4.3671
     524       4.3480
     525       4.4123
     526       4.4484
     527       4.3515
     528       4.3091
     529       4.2983
     530       4.3358
     531       4.3579
     532       4.2895
     533       4.2571
     534       4.3013
     535       4.3124
     536       4.2571
     537       4.2419
     538       4.1962
     539       3.9981
     540       3.9202
     541       4.0283
     542       4.0470
     543       3.8402
     544       3.9425
     545       3.7902
     546       3.7202
     547       3.8039
     548       3.7096
     549       3.8034
     550       3.8173
     551       3.7507
     552       3.7449
     553       3.5979
     554       3.4998
     555       3.4573
     556       3.3908
     557       3.4133
     558       3.3782
     559       3.3905
     560       3.5036
     561       3.4914
     562       3.2425
     563       3.2288
     564       3.1749
     565       3.1751
     566       3.1977
     567       3.2984
     568       3.3600
     569       3.2964
     570       3.3563
     571       3.3904
     572       3.3416
     573       3.4703
     574       3.5514
     575       3.6794
     576       3.7279
     577       3.7471
     578       3.7269
     579       3.7645
     580       3.6878
     581       3.8989
     582       3.8745
     583       3.7637
     584       3.8210
     585       3.7870
     586       3.8250
     587       3.8878
     588       3.9286
     589       3.8307
     590       3.8938
     591       4.0068
     592       4.0621
     593       3.9692
     594       4.0652
     595       3.9333
     596       3.9644
     597       3.9205
     598       3.7793
     599       3.8192
     600       3.9443
     601       3.9580
     602       4.0209
     603       4.0004
     604       4.0104
     605       4.0706
     606       4.1335
     607       4.2032
     608       4.1079
     609       4.1773
     610       4.1879
     611       4.1092
     612       4.0660
     613       4.0034
     614       3.9962
     615       3.9974
     616       3.9241
     617       3.8852
     618       3.9809
     619       4.0000
     620       3.8923
     621       3.8403
     622       3.7929
     623       3.9068
     624       3.9837
     625       3.9165
     626       3.9639
     627       3.8635
     628       3.7223
     629       3.7847
     630       3.6205
     631       3.6751
     632       3.7291
     633       3.6536
     634       3.5368
     635       3.6350
     636       3.6020
     637       3.7032
     638       3.7949
     639       3.8139
     640       3.9089
     641       3.9705
     642       3.7910
     643       3.7602
     644       3.8128
     645       3.8029
     646       3.9096
     647       3.8274
     648       3.9036
     649       3.8638
     650       3.9113
     651       3.8043
     652       3.8314
     653       3.7957
     654       3.8178
     655       3.6264
     656       3.6605
     657       3.6192
     658       3.5455
     659       3.5019
     660       3.4842
     661       3.4196
     662       3.3768
     663       3.3226
     664       3.1793
     665       3.1448
     666       3.1469
     667       3.1166
     668       3.1278
     669       3.1209
     670       3.2164
     671       3.2617
     672       3.2074
     673       3.2584
     674       3.2915
     675       3.2648
     676       3.2028
     677       3.2537
     678       3.2435
     679       3.2760
     680       3.2930
     681       3.2548
     682       3.1561
     683       3.1740
     684       3.2870
     685       3.3055
     686       3.1737
     687       3.2624
     688       3.2755
     689       3.3005
     690       3.2466
     691       3.3609
     692       3.4292
     693       3.4332
     694       3.4648
     695       3.3820
     696       3.4167
     697       3.3920
     698       3.3377
     699       3.2804
     700       3.2595
     701       3.2973
     702       3.3338
     703       3.3345
     704       3.3369
     705       3.4159
     706       3.4371
     707       3.4104
     708       3.4241
     709       3.4684
     710       3.3849
     711       3.2963
     712       3.3326
     713       3.3237
     714       3.3399
     715       3.3796
     716       3.3680
     717       3.4139
     718       3.4919
     719       3.4738
     720       3.5294
     721       3.6851
     722       3.6151
     723       3.6477
     724       3.5951
     725       3.7109
     726       3.6269
     727       3.5494
     728       3.6830
     729       3.6160
     730       3.6752
     731       3.6722
     732       3.5404
     733       3.6851
     734       3.5265
     735       3.5410
     736       3.5270
     737       3.5088
     738       3.4634
     739       3.4168
     740       3.6178
     741       3.6204
     742       3.5563
     743       3.4774
     744       3.4669
     745       3.4174
     746       3.3535
     747       3.3852
     748       3.2127
     749       3.2763
     750       3.2108
     751       3.2205
     752       3.2166
     753       3.3057
     754       3.3644
     755       3.4461
     756       3.5152
     757       3.4579
     758       3.3968
     759       3.4281
     760       3.3858
     761       3.3828
     762       3.3328
     763       3.3653
     764       3.3727
     765       3.3288
     766       3.3986
     767       3.4983
     768       3.5310
     769       3.5307
     770       3.5483
     771       3.4019
     772       3.4234
     773       3.5346
     774       3.4462
     775       3.4281
     776       3.4114
     777       3.4034
     778       3.3138
     779       3.3563
     780       3.3282
     781       3.2922
     782       3.3095
     783       3.3499
     784       3.4281
     785       3.4671
     786       3.6405
     787       3.7090
     788       3.6205
     789       3.6337
     790       3.6143
     791       3.5866
     792       3.5642
     793       3.5232
     794       3.6195
     795       3.5814
     796       3.5715
     797       3.5864
     798       3.6856
     799       3.5985
     800       3.4395
     801       3.3782
     802       3.3003
     803       3.3376
     804       3.1641
     805       3.1379
     806       3.1627
     807       3.2341
     808       3.1929
     809       3.2295
     810       3.1770
     811       3.2290
     812       3.3462
     813       3.3809
     814       3.2977
     815       3.2790
     816       3.1949
     817       3.3246
     818       3.3039
     819       3.2864
     820       3.3559
     821       3.3311
     822       3.4604
     823       3.4758
     824       3.5115
     825       3.5156
     826       3.4826
     827       3.4879
     828       3.4209
     829       3.4381
     830       3.4770
     831       3.4787
     832       3.4006
     833       3.4003
     834       3.4540
     835       3.5705
     836       3.6519
     837       3.5763
     838       3.6683
     839       3.6161
     840       3.5835
     841       3.5796
     842       3.5532
     843       3.5481
     844       3.5984
     845       3.6440
     846       3.6115
     847       3.6724
     848       3.6686
     849       3.7784
     850       3.7869
     851       3.6952
     852       3.6817
     853       3.6745
     854       3.6532
     855       3.5779
     856       3.5071
     857       3.4615
     858       3.4932
     859       3.4572
     860       3.4518
     861       3.4548
     862       3.4951
     863       3.4255
     864       3.3311
     865       3.3535
     866       3.2739
     867       3.4018
     868       3.5029
     869       3.4305
     870       3.3629
     871       3.3016
     872       3.3326
     873       3.3249
     874       3.2572
     875       3.2399
     876       3.3238
     877       3.3684
     878       3.5098
     879       3.4758
     880       3.3634
     881       3.4369
     882       3.5547
     883       3.4878
     884       3.5077
     885       3.4237
     886       3.4286
     887       3.4217
     888       3.4829
     889       3.4688
     890       3.3816
     891       3.4384
     892       3.3105
     893       3.3391
     894       3.3630
     895       3.3108
     896       3.2521
     897       3.2354
     898       3.2841
     899       3.3230
     900       3.3891
     901       3.4171
     902       3.3043
     903       3.2910
     904       3.3713
     905       3.3641
     906       3.3209
     907       3.4192
     908       3.4646
     909       3.3513
     910       3.4028
     911       3.3309
     912       3.3296
     913       3.4431
     914       3.3925
     915       3.3758
     916       3.3841
     917       3.4089
     918       3.4192
     919       3.4340
     920       3.5229
     921       3.6246
     922       3.6109
     923       3.6408
     924       3.7797
     925       3.8140
     926       3.8278
     927       3.8209
     928       3.7899
     929       3.6531
     930       3.7267
     931       3.6167
     932       3.5740
     933       3.6109
     934       3.5909
     935       3.6012
     936       3.5916
     937       3.6410
     938       3.5454
     939       3.5347
     940       3.5298
     941       3.5069
     942       3.5850
     943       3.5448
     944       3.4312
     945       3.5059
     946       3.5364
     947       3.4608
     948       3.4095
     949       3.3250
     950       3.3345
     951       3.4367
     952       3.3939
     953       3.3764
     954       3.2274
     955       3.1881
     956       3.1092
     957       3.0833
     958       3.1636
     959       3.3098
     960       3.3655
     961       3.3727
     962       3.4883
     963       3.5343
     964       3.4509
     965       3.5370
     966       3.4712
     967       3.6448
     968       3.6025
     969       3.5441
     970       3.4842
     971       3.4707
     972       3.6831
     973       3.6768
     974       3.6885
     975       3.6338
     976       3.5834
     977       3.5497
     978       3.4678
     979       3.4758
     980       3.4505
     981       3.3663
     982       3.4047
     983       3.3448
     984       3.3703
     985       3.3827
     986       3.3899
     987       3.3851
     988       3.4347
     989       3.5549
     990       3.5269
     991       3.3887
     992       3.3396
     993       3.2718
     994       3.4136
     995       3.3395
     996       3.2500
     997       3.3209
     998       3.2569
     999       3.3432
    1000       3.3520
    1001       3.4246
    1002       3.2269
    1003       3.3606
    1004       3.2012
    1005       3.1894
    1006       3.1119
    1007       3.1005
    1008       3.1432
    1009       3.0660
    1010       3.0578
    1011       3.0567
    1012       3.1071
    1013       3.1983
    1014       3.1566
    1015       3.1840
    1016       3.1364
    1017       3.2113
    1018       3.3123
    1019       3.2307
    1020       3.1948
    1021       3.2450
    1022       3.2817
    1023       3.2762
    1024       3.2161
    1025       3.2211
    1026       3.1311
    1027       3.1869
    1028       3.2971
    1029       3.2695
    1030       3.2965
    1031       3.3891
    1032       3.4176
    1033       3.3996
    1034       3.2992
    1035       3.3984
    1036       3.4575
    1037       3.4385
    1038       3.4142
    1039       3.4653
    1040       3.5121
    1041       3.5151
    1042       3.4221
    1043       3.4366
    1044       3.4992
    1045       3.4576
    1046       3.5803
    1047       3.5260
    1048       3.6745
    1049       3.6509
    1050       3.6330
    1051       3.7489
    1052       3.6255
    1053       3.6855
    1054       3.5947
    1055       3.6038
    1056       3.6511
    1057       3.7648
    1058       3.7785
    1059       3.7616
    1060       3.7828
    1061       3.7269
    1062       3.6699
    1063       3.7110
    1064       3.6787
    1065       3.5824
    1066       3.5736
    1067       3.5803
    1068       3.6281
    1069       3.5503
    1070       3.5584
    1071       3.5869
    1072       3.5152
    1073       3.4892
    1074       3.6188
    1075       3.6602
    1076       3.7730
    1077       3.8367
    1078       3.8830
    1079       3.9337
    1080       3.9649
    1081       3.8942
    1082       3.9747
    1083       3.9923
    1084       3.9211
    1085       3.8677
    1086       3.8879
    1087       3.8807
    1088       3.8999
    1089       4.0095
    1090       4.0051
    1091       4.0473
    1092       4.0794
    1093       4.0984
    1094       4.1935
    1095       4.0839
    1096       4.2781
    1097       4.3820
    1098       4.4455
    1099       4.4811
    1100       4.4466
    1101       4.5343
    1102       4.4022
    1103       4.5540
    1104       4.5243
    1105       4.5041
    1106       4.5708
    1107       4.5949
    1108       4.6531
    1109       4.6299
    1110       4.6168
    1111       4.6111
    1112       4.5790
    1113       4.5523
    1114       4.5209
    1115       4.5162
    1116       4.3756
    1117       4.2811
    1118       4.3122
    1119       4.2736
    1120       4.3101
    1121       4.3106
    1122       4.4346
    1123       4.4934
    1124       4.5258
    1125       4.4608
    1126       4.3968
    1127       4.4271
    1128       4.4305
    1129       4.5569
    1130       4.4458
    1131       4.5330
    1132       4.4927
    1133       4.5694
    1134       4.5762
    1135       4.5956
    1136       4.4430
    1137       4.4725
    1138       4.4346
    1139       4.3718
    1140       4.3448
    1141       4.3891
    1142       4.4487
    1143       4.5055
    1144       4.5910
    1145       4.6753
    1146       4.7110
    1147       4.6665
    1148       4.6324
    1149       4.6566
    1150       4.7760
    1151       4.6523
    1152       4.8075
    1153       4.8556
    1154       4.8736
    1155       4.7685
    1156       4.8006
    1157       4.8912
    1158       4.8348
    1159       4.7800
    1160       4.7438
    1161       4.7408
    1162       4.6814
    1163       4.7112
    1164       4.6518
    1165       4.6801
    1166       4.6002
    1167       4.6145
    1168       4.6340
    1169       4.5978
    1170       4.7148
    1171       4.8215
    1172       4.7035
    1173       4.8519
    1174       4.7418
    1175       4.7875
    1176       4.6256
    1177       4.5982
    1178       4.5749
    1179       4.5326
    1180       4.5231
    1181       4.4802
    1182       4.4659
    1183       4.4759
    1184       4.5944
    1185       4.5805
    1186       4.6087
    1187       4.6446
    1188       4.5976
    1189       4.5792
    1190       4.5785
    1191       4.3997
    1192       4.4612
    1193       4.3613
    1194       4.3471
    1195       4.2434
    1196       4.1496
    1197       4.2437
    1198       4.2426
    1199       4.2628
    1200       4.4198
    1201       4.2471
    1202       4.1370
    1203       4.1320
    1204       4.1493
    1205       4.2224
    1206       4.2140
    1207       4.1443
    1208       4.1620
    1209       4.1254
    1210       4.1958
    1211       4.1697
    1212       4.2602
    1213       4.2886
    1214       4.2036
    1215       4.1203
    1216       4.1526
    1217       4.0801
    1218       4.0828
    1219       4.1982
    1220       4.2058
    1221       4.1472
    1222       4.2382
    1223       4.3610
    1224       4.1990
    1225       4.3288
    1226       4.1809
    1227       4.0872
    1228       4.0757
    1229       4.1286
    1230       4.2634
    1231       4.1490
    1232       4.0613
    1233       3.9758
    1234       3.8169
    1235       3.9459
    1236       3.9184
    1237       3.9816
    1238       3.9056
    1239       3.8810
    1240       3.9198
    1241       3.9249
    1242       3.9507
    1243       4.0921
    1244       4.0510
    1245       4.1655
    1246       4.1041
    1247       4.1755
    1248       4.1889
    1249       4.1206
    1250       4.1602
    1251       4.1107
    1252       4.2543
    1253       4.2152
    1254       4.2810
    1255       4.1912
    1256       4.1579
    1257       4.1402
    1258       4.0269
    1259       3.9021
    1260       3.9658
    1261       3.9293
    1262       3.9277
    1263       3.9180
    1264       3.8889
    1265       3.9121
    1266       3.9450
    1267       4.0069
    1268       4.0854
    1269       4.0724
    1270       4.2925
    1271       4.2083
    1272       4.1265
    1273       4.2768
    1274       4.2748
    1275       4.2295
    1276       4.1760
    1277       4.1131
    1278       4.1196
    1279       4.1416
    1280       4.1555
    1281       4.1265
    1282       4.0535
    1283       4.1731
    1284       4.0860
    1285       4.0017
    1286       3.9826
    1287       3.8785
    1288       3.9009
    1289       3.8524
    1290       3.8303
    1291       3.8443
    1292       3.8504
    1293       4.0235
    1294       4.0323
    1295       4.0660
    1296       4.1080
    1297       4.0950
    1298       4.0460
    1299       3.9924
    1300       4.0022
    1301       3.8893
    1302       3.9961
    1303       4.0225
    1304       4.0441
    1305       3.9948
    1306       4.1280
    1307       4.1068
    1308       4.0968
    1309       4.1488
    1310       4.1636
    1311       4.1612
    1312       4.2393
    1313       4.2235
    1314       4.0783
    1315       4.1514
    1316       4.0788
    1317       4.2141
    1318       4.3276
    1319       4.2373
    1320       4.2676
    1321       4.3270
    1322       4.2274
    1323       4.2975
    1324       4.1925
    1325       4.1927
    1326       4.2034
    1327       4.2050
    1328       4.2453
    1329       4.2102
    1330       4.1704
    1331       4.0885
    1332       4.2270
    1333       4.3003
    1334       4.2757
    1335       4.3980
    1336       4.3017
    1337       4.1873
    1338       4.1938
    1339       4.2015
    1340       4.0093
    1341       4.1285
    1342       4.1281
    1343       4.0440
    1344       4.0801
    1345       4.2097
    1346       4.1907
    1347       4.2119
    1348       4.3181
    1349       4.1715
    1350       4.2319
    1351       4.1768
    1352       4.1468
    1353       4.1077
    1354       4.1193
    1355       4.0896
    1356       4.0020
    1357       4.1077
    1358       4.0807
    1359       4.1239
    1360       4.0926
    1361       4.2041
    1362       4.1855
    1363       4.1305
    1364       4.0903
    1365       3.9549
    1366       3.8711
    1367       3.9647
    1368       3.9612
    1369       4.0402
    1370       3.9367
    1371       3.8999
    1372       3.8103
    1373       3.8454
    1374       3.7526
    1375       3.7469
    1376       3.6578
    1377       3.6446
    1378       3.6038
    1379       3.6139
    1380       3.6109
    1381       3.5291
    1382       3.6462
    1383       3.5730
    1384       3.5862
    1385       3.6075
    1386       3.5965
    1387       3.6240
    1388       3.6935
    1389       3.5256
    1390       3.5771
    1391       3.4818
    1392       3.4479
    1393       3.4777
    1394       3.4818
    1395       3.4565
    1396       3.3179
    1397       3.3098
    1398       3.2501
    1399       3.2458
    1400       3.2732
    1401       3.1276
    1402       3.1626
    1403       3.2031
    1404       3.1207
    1405       3.1848
    1406       3.2866
    1407       3.2799
    1408       3.2409
    1409       3.3014
    1410       3.2066
    1411       3.1942
    1412       3.1304
    1413       3.0500
    1414       3.0492
    1415       3.1683
    1416       3.2172
    1417       3.3026
    1418       3.3086
    1419       3.3318
    1420       3.2529
    1421       3.2179
    1422       3.1494
    1423       3.1667
    1424       3.0502
    1425       3.1057
    1426       3.1323
    1427       3.0460
    1428       3.0149
    1429       3.0188
    1430       3.0791
    1431       2.9976
    1432       3.0438
    1433       3.0885
    1434       3.1736
    1435       3.1549
    1436       3.2085
    1437       3.0783
    1438       2.9957
    1439       3.0289
    1440       2.8985
    1441       2.9624
    1442       2.8584
    1443       2.9430
    1444       2.9967
    1445       3.0471
    1446       3.0062
    1447       3.0722
    1448       2.9648
    1449       3.0102
    1450       3.0262
    1451       2.9422
    1452       2.8875
    1453       2.8697
    1454       2.9770
    1455       2.9645
    1456       3.0007
    1457       2.8655
    1458       2.9460
    1459       2.9283
    1460       2.9424
    1461       2.8962
    1462       2.8729
    1463       2.9141
    1464       3.0389
    1465       3.0592
    1466       3.0722
    1467       3.0923
    1468       3.0385
    1469       3.0839
    1470       3.0137
    1471       3.1074
    1472       3.0645
    1473       3.0121
    1474       3.0153
    1475       3.1197
    1476       2.9894
    1477       2.9834
    1478       2.9902
    1479       3.0369
    1480       3.0741
    1481       3.0222
    1482       3.1115
    1483       3.0609
    1484       3.1018
    1485       3.1423
    1486       3.1754
    1487       3.2551
    1488       3.2548
    1489       3.2273
    1490       3.2432
    1491       3.1947
    1492       3.1550
    1493       3.1608
    1494       3.2436
    1495       3.2997
    1496       3.2317
    1497       3.3285
    1498       3.3083
    1499       3.2194
    1500       3.2350
    1501       3.2728
    1502       3.2897
    1503       3.3252
    1504       3.3047
    1505       3.3593
    1506       3.2873
    1507       3.3657
    1508       3.2499
    1509       3.3408
    1510       3.3216
    1511       3.3695
    1512       3.4757
    1513       3.4194
    1514       3.3956
    1515       3.3203
    1516       3.3482
    1517       3.3687
    1518       3.2399
    1519       3.3198
    1520       3.2662
    1521       3.2344
    1522       3.2051
    1523       3.2659
    1524       3.2171
    1525       3.1878
    1526       3.2682
    1527       3.2727
    1528       3.2708
    1529       3.3437
    1530       3.2848
    1531       3.2521
    1532       3.2318
    1533       3.1786
    1534       3.2016
    1535       3.2057
    1536       3.1835
    1537       3.1647
    1538       3.1923
    1539       3.0782
    1540       3.0383
    1541       2.9893
    1542       3.0304
    1543       3.0339
    1544       2.9995
    1545       2.9500
    1546       3.0222
    1547       2.9825
    1548       3.0187
    1549       2.9921
    1550       2.9490
    1551       2.9196
    1552       2.9816
    1553       2.9309
    1554       2.9809
    1555       3.0855
    1556       3.0748
    1557       3.0155
    1558       2.9262
    1559       2.9780
    1560       3.0161
    1561       2.9243
    1562       2.8906
    1563       2.9949
    1564       2.9450
    1565       2.9479
    1566       2.9740
    1567       2.9883
    1568       3.0421
    1569       3.1047
    1570       3.1225
    1571       3.2386
    1572       3.1906
    1573       3.2081
    1574       3.2709
    1575       3.2127
    1576       3.2428
    1577       3.2900
    1578       3.2704
    1579       3.1883
    1580       3.1317
    1581       3.2097
    1582       3.2085
    1583       3.1274
    1584       3.1166
    1585       3.1260
    1586       3.2042
    1587       3.1949
    1588       3.0761
    1589       2.9844
    1590       3.0825
    1591       3.0733
    1592       3.0098
    1593       3.0634
    1594       2.9966
    1595       3.0023
    1596       3.0219
    1597       3.0558
    1598       3.0016
    1599       2.9938
    1600       3.0110
    1601       2.9259
    1602       2.9491
    1603       2.9804
    1604       2.9806
    1605       2.9373
    1606       3.0260
    1607       2.9750
    1608       3.0147
    1609       3.0556
    1610       2.9748
    1611       3.0847
    1612       3.1501
    1613       3.1376
    1614       3.1012
    1615       3.1517
    1616       3.1097
    1617       3.0772
    1618       3.1074
    1619       3.0673
    1620       3.1049
    1621       3.0505
    1622       3.1317
    1623       3.1341
    1624       3.1560
    1625       3.1838
    1626       3.2513
    1627       3.1825
    1628       3.1117
    1629       3.0011
    1630       3.0648
    1631       2.9249
    1632       3.0948
    1633       3.0454
    1634       3.0396
    1635       3.0520
    1636       3.0495
    1637       3.0166
    1638       3.0436
    1639       3.1565
    1640       3.2385
    1641       3.2358
    1642       3.2354
    1643       3.2060
    1644       3.2671
    1645       3.3584
    1646       3.3132
    1647       3.2569
    1648       3.1864
    1649       3.2378
    1650       3.2588
    1651       3.3306
    1652       3.2568
    1653       3.3111
    1654       3.3217
    1655       3.3694
    1656       3.3751
    1657       3.3281
    1658       3.4972
    1659       3.5725
    1660       3.5844
    1661       3.8069
    1662       3.5974
    1663       3.4578
    1664       3.5760
    1665       3.5719
    1666       3.6281
    1667       3.6151
    1668       3.5606
    1669       3.6008
    1670       3.6271
    1671       3.5004
    1672       3.4182
    1673       3.2768
    1674       3.3532
    1675       3.3577
    1676       3.3549
    1677       3.2751
    1678       3.3067
    1679       3.2572
    1680       3.2786
    1681       3.3900
    1682       3.4325
    1683       3.4209
    1684       3.3707
    1685       3.3327
    1686       3.5300
    1687       3.6531
    1688       3.6329
    1689       3.6782
    1690       3.7331
    1691       3.7183
    1692       3.5775
    1693       3.6163
    1694       3.6752
    1695       3.7164
    1696       3.7093
    1697       3.6512
    1698       3.5464
    1699       3.5983
    1700       3.4594
    1701       3.4817
    1702       3.4448
    1703       3.4089
    1704       3.4377
    1705       3.3878
    1706       3.3479
    1707       3.3383
    1708       3.3422
    1709       3.3422
    1710       3.2937
    1711       3.3992
    1712       3.3470
    1713       3.2831
    1714       3.2637
    1715       3.2663
    1716       3.2360
    1717       3.3002
    1718       3.3753
    1719       3.2630
    1720       3.4005
    1721       3.3203
    1722       3.2818
    1723       3.4355
    1724       3.4459
    1725       3.4507
    1726       3.4671
    1727       3.5661
    1728       3.5749
    1729       3.5846
    1730       3.6602
    1731       3.6220
    1732       3.6020
    1733       3.6801
    1734       3.7394
    1735       3.8372
    1736       3.7933
    1737       3.6418
    1738       3.7310
    1739       3.7105
    1740       3.5793
    1741       3.6355
    1742       3.6693
    1743       3.6723
    1744       3.7534
    1745       3.7577
    1746       3.8325
    1747       3.9087
    1748       3.8746
    1749       3.8832
    1750       3.7853
    1751       3.8610
    1752       3.8865
    1753       3.9050
    1754       4.0296
    1755       3.8654
    1756       3.9606
    1757       3.9598
    1758       3.9700
    1759       3.7912
    1760       3.7587
    1761       3.7335
    1762       3.8093
    1763       3.9117
    1764       3.9682
    1765       4.0980
    1766       4.0751
    1767       4.1110
    1768       4.0483
    1769       3.9606
    1770       3.9120
    1771       3.9275
    1772       3.7911
    1773       3.8530
    1774       3.8539
    1775       3.8519
    1776       3.8995
    1777       3.8534
    1778       3.9547
    1779       3.8467
    1780       3.9252
    1781       4.0131
    1782       4.1125
    1783       4.0760
    1784       4.0634
    1785       3.8672
    1786       3.9711
    1787       4.0375
    1788       3.8984
    1789       3.8754
    1790       3.8938
    1791       3.8011
    1792       3.9045
    1793       3.9655
    1794       4.0491
    1795       3.9494
    1796       3.9051
    1797       3.9129
    1798       4.1083
    1799       4.1217
    1800       4.0386
    1801       4.0626
    1802       4.0402
    1803       3.9763
    1804       3.8566
    1805       3.7776
    1806       3.8092
    1807       3.7261
    1808       3.7067
    1809       3.7528
    1810       3.7068
    1811       3.7864
    1812       3.8072
    1813       3.7629
    1814       3.8270
    1815       3.7436
    1816       3.7301
    1817       3.7873
    1818       3.7926
    1819       3.7698
    1820       3.7824
    1821       3.8777
    1822       3.8512
    1823       3.9416
    1824       3.8465
    1825       3.9572
    1826       3.8951
    1827       3.8964
    1828       3.9611
    1829       3.8248
    1830       3.9150
    1831       3.9817
    1832       3.9324
    1833       3.9830
    1834       3.9569
    1835       4.0116
    1836       4.0487
    1837       4.0764
    1838       4.0399
    1839       4.1059
    1840       4.1640
    1841       4.1126
    1842       3.9956
    1843       4.0758
    1844       4.0343
    1845       4.0504
    1846       4.0376
    1847       3.9669
    1848       3.8696
    1849       3.9583
    1850       3.9451
    1851       3.9571
    1852       4.1454
    1853       4.2733
    1854       4.2362
    1855       4.2556
    1856       4.3456
    1857       4.3824
    1858       4.4460
    1859       4.3746
    1860       4.4259
    1861       4.3840
    1862       4.4745
    1863       4.4666
    1864       4.5125
    1865       4.5359
    1866       4.4814
    1867       4.4644
    1868       4.4790
    1869       4.5345
    1870       4.4814
    1871       4.4443
    1872       4.5474
    1873       4.6434
    1874       4.6334
    1875       4.6465
    1876       4.6753
    1877       4.6448
    1878       4.7488
    1879       4.8300
    1880       4.7710
    1881       4.6822
    1882       4.5626
    1883       4.5958
    1884       4.6196
    1885       4.6735
    1886       4.6737
    1887       4.7596
    1888       4.7411
    1889       4.8509
    1890       4.8464
    1891       4.7865
    1892       4.7672
    1893       4.6569
    1894       4.6383
    1895       4.6310
    1896       4.5649
    1897       4.5504
    1898       4.6510
    1899       4.5379
    1900       4.6335
    1901       4.6507
    1902       4.6213
    1903       4.6110
    1904       4.4701
    1905       4.5623
    1906       4.5776
    1907       4.6809
    1908       4.7551
    1909       4.6869
    1910       4.7611
    1911       4.7152
    1912       4.7806
    1913       4.8106
    1914       4.8373
    1915       4.7818
    1916       4.7543
    1917       4.6152
    1918       4.7613
    1919       4.7337
    1920       4.5889
    1921       4.5989
    1922       4.5842
    1923       4.5618
    1924       4.5895
    1925       4.6163
    1926       4.7373
    1927       4.7415
    1928       4.8176
    1929       4.8232
    1930       4.9009
    1931       4.7778
    1932       4.6875
    1933       4.7295
    1934       4.6735
    1935       4.5583
    1936       4.5977
    1937       4.7301
    1938       4.7508
    1939       4.8268
    1940       4.7050
    1941       4.6361
    1942       4.6422
    1943       4.6873
    1944       4.7551
    1945       4.9126
    1946       4.8961
    1947       4.8521
    1948       4.8877
    1949       4.8826
    1950       5.0113
    1951       4.9304
    1952       4.9703
    1953       5.0526
    1954       5.1460
    1955       5.1745
    1956       5.0286
    1957       5.0937
    1958       5.1111
    1959       5.1949
    1960       5.2051
    1961       5.2440
    1962       5.2304
    1963       5.0930
    1964       5.0975
    1965       4.9793
    1966       5.0372
    1967       4.9083
    1968       5.0080
    1969       5.0571
    1970       5.0509
    1971       5.0797
    1972       5.0818
    1973       5.0014
    1974       5.0567
    1975       5.1652
    1976       5.1246
    1977       5.1628
    1978       5.0944
    1979       5.1336
    1980       5.2974
    1981       5.3831
    1982       5.4195
    1983       5.4731
    1984       5.5561
    1985       5.5058
    1986       5.4655
    1987       5.4989
    1988       5.5914
    1989       5.6762
    1990       5.7008
    1991       5.7769
    1992       5.6657
    1993       5.6235
    1994       5.7025
    1995       5.6049
    1996       5.7043
    1997       5.5790
    1998       5.5350
    1999       5.4390
    2000       5.3737
    2001       5.3089
    2002       5.3260
    2003       5.2797
    2004       5.3454
    2005       5.2660
    2006       5.2630
    2007       5.2182
    2008       5.2322
    2009       5.3597
    2010       5.2766
    2011       5.2315
    2012       5.2575
    2013       5.2802
    2014       5.3682
    2015       5.3345
    2016       5.3625
    2017       5.4528
    2018       5.4253
    2019       5.3665
    2020       5.2674
    2021       5.2960
    2022       5.3141
    2023       5.3013
    2024       5.3618
    2025       5.3341
    2026       5.4828
    2027       5.4883
    2028       5.4600
    2029       5.4879
    2030       5.5098
    2031       5.5002
    2032       5.5802
    2033       5.6320
    2034       5.7598
    2035       5.7137
    2036       5.8778
    2037       5.8735
    2038       5.7736
    2039       5.8383
    2040       5.8746
    2041       5.8321
    2042       5.9461
    2043       5.9914
    2044       5.9582
    2045       5.9056
    2046       6.0070
    2047       5.9644
    2048       5.8976
    2049       5.9169
    2050       5.7215
    2051       5.6743
    2052       5.7311
    2053       5.6492
    2054       5.7021
    2055       5.6897
    2056       5.6913
    2057       5.6964
    2058       5.6340
    2059       5.6025
    2060       5.6303
    2061       5.5927
    2062       5.6026
    2063       5.5461
    2064       5.4952
    2065       5.5618
    2066       5.5642
    2067       5.6363
    2068       5.6228
    2069       5.6632
    2070       5.6120
    2071       5.5007
    2072       5.5116
    2073       5.4743
    2074       5.4619
    2075       5.4488
    2076       5.4291
    2077       5.5641
    2078       5.6535
    2079       5.6878
    2080       5.6288
    2081       5.7017
    2082       5.7004
    2083       5.7423
    2084       5.6899
    2085       5.7977
    2086       5.7095
    2087       5.8560
    2088       5.7829
    2089       5.7213
    2090       5.7442
    2091       5.6029
    2092       5.7472
    2093       5.7533
    2094       5.8103
    2095       5.7121
    2096       5.6598
    2097       5.6415
    2098       5.6278
    2099       5.7085
    2100       5.6683
    2101       5.6723
    2102       5.6728
    2103       5.6979
    2104       5.7884
    2105       5.7730
    2106       5.8379
    2107       5.9292
    2108       5.9217
    2109       5.9500
    2110       5.8711
    2111       5.9087
    2112       5.8842
    2113       5.8073
    2114       5.8966
    2115       5.7862
    2116       5.7704
    2117       5.7683
    2118       5.6798
    2119       5.6901
    2120       5.6689
    2121       5.5653
    2122       5.6509
    2123       5.6898
    2124       5.6765
    2125       5.6197
    2126       5.6224
    2127       5.5189
    2128       5.5396
    2129       5.5853
    2130       5.6409
    2131       5.6235
    2132       5.6298
    2133       5.6103
    2134       5.6968
    2135       5.7811
    2136       5.8052
    2137       5.8388
    2138       5.8516
    2139       5.7807
    2140       5.7625
    2141       5.7452
    2142       5.7873
    2143       5.8186
    2144       5.8556
    2145       5.7716
    2146       5.8064
    2147       5.6937
    2148       5.7567
    2149       5.8310
    2150       5.8677
    2151       5.8400
    2152       5.8986
    2153       5.9971
    2154       5.9301
    2155       5.8765
    2156       5.8962
    2157       5.8371
    2158       5.8619
    2159       5.8062
    2160       5.8184
    2161       5.8141
    2162       5.8134
    2163       5.7712
    2164       5.6776
    2165       5.6648
    2166       5.6265
    2167       5.6217
    2168       5.6162
    2169       5.6774
    2170       5.5113
    2171       5.4991
    2172       5.5233
    2173       5.5746
    2174       5.5790
    2175       5.5431
    2176       5.4858
    2177       5.4384
    2178       5.3848
    2179       5.3458
    2180       5.4364
    2181       5.4474
    2182       5.3964
    2183       5.3914
    2184       5.3670
    2185       5.3715
    2186       5.4193
    2187       5.5168
    2188       5.4602
    2189       5.5328
    2190       5.5528
    2191       5.5884
    2192       5.7040
    2193       5.6418
    2194       5.5674
    2195       5.6457
    2196       5.7085
    2197       5.7057
    2198       5.7183
    2199       5.8107
    2200       5.8050
    2201       5.7211
    2202       5.7436
    2203       5.6382
    2204       5.5986
    2205       5.6052
    2206       5.5643
    2207       5.6111
    2208       5.7015
    2209       5.6435
    2210       5.6603
    2211       5.6435
    2212       5.5442
    2213       5.6305
    2214       5.6243
    2215       5.7172
    2216       5.5862
    2217       5.5664
    2218       5.5342
    2219       5.5117
    2220       5.3899
    2221       5.4641
    2222       5.4761
    2223       5.3970
    2224       5.3333
    2225       5.3354
    2226       5.3617
    2227       5.4629
    2228       5.3928
    2229       5.4548
    2230       5.3330
    2231       5.3805
    2232       5.2678
    2233       5.3489
    2234       5.2422
    2235       5.2797
    2236       5.3234
    2237       5.2605
    2238       5.2545
    2239       5.2361
    2240       5.1168
    2241       5.0390
    2242       4.9754
    2243       4.9587
    2244       4.9995
    2245       4.8951
    2246       4.7947
    2247       4.8506
    2248       4.9570
    2249       4.9420
    2250       4.9222
    2251       4.9842
    2252       5.0966
    2253       5.1592
    2254       5.1138
    2255       5.1276
    2256       5.0321
    2257       4.9975
    2258       5.0121
    2259       4.9652
    2260       4.9603
    2261       4.9986
    2262       4.9920
    2263       5.0065
    2264       4.8922
    2265       4.9079
    2266       4.8558
    2267       4.6272
    2268       4.5887
    2269       4.6219
    2270       4.7605
    2271       4.7687
    2272       4.7558
    2273       4.8215
    2274       4.9026
    2275       5.0206
    2276       5.0886
    2277       5.1709
    2278       5.0994
    2279       5.1640
    2280       5.0753
    2281       5.0802
    2282       5.0865
    2283       5.1485
    2284       5.1255
    2285       5.0030
    2286       5.1188
    2287       5.1423
    2288       5.1840
    2289       5.1380
    2290       5.1824
    2291       5.2632
    2292       5.2775
    2293       5.2077
    2294       5.2236
    2295       5.0639
    2296       5.0434
    2297       4.9904
    2298       4.9430
    2299       4.9622
    2300       4.8705
    2301       4.8870
    2302       4.8253
    2303       4.8003
    2304       4.8022
    2305       4.7991
    2306       4.7867
    2307       4.8350
    2308       4.8249
    2309       4.8675
    2310       4.8858
    2311       4.9112
    2312       4.8173
    2313       4.8653
    2314       4.8659
    2315       4.8887
    2316       4.9254
    2317       4.9003
    2318       4.9349
    2319       5.0291
    2320       5.1512
    2321       5.2129
    2322       5.0996
    2323       5.1723
    2324       5.1838
    2325       5.2583
    2326       5.2375
    2327       5.1865
    2328       5.2070
    2329       5.2248
    2330       5.3029
    2331       5.3075
    2332       5.2331
    2333       5.2616
    2334       5.2401
    2335       5.1226
    2336       5.2288
    2337       5.1851
    2338       5.2371
    2339       5.2774
    2340       5.1741
    2341       5.1721
    2342       5.0286
    2343       5.0716
    2344       5.1690
    2345       5.0874
    2346       5.0508
    2347       5.1281
    2348       5.1670
    2349       5.3675
    2350       5.4472
    2351       5.5387
    2352       5.5500
    2353       5.3690
    2354       5.5367
    2355       5.5567
    2356       5.7429
    2357       5.7423
    2358       5.6216
    2359       5.5599
    2360       5.6807
    2361       5.7382
    2362       5.8759
    2363       5.8499
    2364       5.8917
    2365       5.9202
    2366       6.0196
    2367       5.9888
    2368       5.8829
    2369       5.7416
    2370       5.5976
    2371       5.5299
    2372       5.4663
    2373       5.5196
    2374       5.5619
    2375       5.6520
    2376       5.6858
    2377       5.6210
    2378       5.6594
    2379       5.6168
    2380       5.8180
    2381       5.7405
    2382       5.6797
    2383       5.5913
    2384       5.8124
    2385       5.8692
    2386       5.8673
    2387       5.9865
    2388       5.8441
    2389       5.6472
    2390       5.7090
    2391       5.6938
    2392       5.7409
    2393       5.6639
    2394       5.6206
    2395       5.6484
    2396       5.7587
    2397       5.7472
    2398       5.6843
    2399       5.6747
    2400       5.6139
    2401       5.7234
    2402       5.7977
    2403       5.8657
    2404       5.9561
    2405       6.1372
    2406       6.2298
    2407       6.2814
    2408       6.2518
    2409       6.2372
    2410       6.2615
    2411       6.2340
    2412       6.3236
    2413       6.2819
    2414       6.1801
    2415       6.2066
    2416       6.1061
    2417       6.0641
    2418       6.0790
    2419       6.1253
    2420       6.0612
    2421       6.1204
    2422       5.9864
    2423       6.0654
    2424       5.9988
    2425       6.0010
    2426       5.9534
    2427       5.6826
    2428       5.7318
    2429       5.5910
    2430       5.5695
    2431       5.4932
    2432       5.5619
    2433       5.7451
    2434       5.7047
    2435       5.6925
    2436       5.7126
    2437       5.8288
    2438       5.7350
    2439       5.7325
    2440       5.6684
    2441       5.7013
    2442       5.6964
    2443       5.7261
    2444       5.6416
    2445       5.5940
    2446       5.6107
    2447       5.6663
    2448       5.6237
    2449       5.7111
    2450       5.6666
    2451       5.6356
    2452       5.5316
    2453       5.5014
    2454       5.4817
    2455       5.5027
    2456       5.5440
    2457       5.6360
    2458       5.7009
    2459       5.6359
    2460       5.5204
    2461       5.4928
    2462       5.6313
    2463       5.4967
    2464       5.4880
    2465       5.5154
    2466       5.4356
    2467       5.2791
    2468       5.2562
    2469       5.1153
    2470       5.0697
    2471       5.0029
    2472       5.0198
    2473       5.1270
    2474       4.9021
    2475       4.9361
    2476       4.9450
    2477       5.0928
    2478       5.0965
    2479       4.9771
    2480       5.0128
    2481       4.9149
    2482       4.8535
    2483       4.8630
    2484       4.9866
    2485       5.0778
    2486       4.9210
    2487       4.9087
    2488       4.7563
    2489       4.7232
    2490       4.7697
    2491       4.6751
    2492       4.6416
    2493       4.7415
    2494       4.8418
    2495       4.8602
    2496       4.8416
    2497       4.7745
    2498       4.7743
    2499       4.8608
    2500       4.8750
    2501       4.9087
    2502       4.9055
    2503       4.9282
    2504       4.8174
    2505       4.8649
    2506       4.9443
    2507       5.0199
    2508       4.9770
    2509       4.9479
    2510       5.0690
    2511       5.1336
    2512       5.0805
    2513       5.0181
    2514       4.8438
    2515       4.8639
    2516       4.9877
    2517       4.9285
    2518       4.9623
    2519       4.8749
    2520       4.7613
    2521       4.7470
    2522       4.7288
    2523       4.6399
    2524       4.5971
    2525       4.6279
    2526       4.6525
    2527       4.6627
    2528       4.6909
    2529       4.7145
    2530       4.6031
    2531       4.5710
    2532       4.6280
    2533       4.6923
    2534       4.7023
    2535       4.8156
    2536       4.8703
    2537       4.8201
    2538       4.9385
    2539       4.8265
    2540       4.8683
    2541       4.8022
    2542       4.7942
    2543       4.6951
    2544       4.8636
    2545       4.8212
    2546       4.7731
    2547       4.7776
    2548       4.7389
    2549       4.6369
    2550       4.6434
    2551       4.6475
    2552       4.6289
    2553       4.6886
    2554       4.5673
    2555       4.5748
    2556       4.4949
    2557       4.4034
    2558       4.4239
    2559       4.3858
    2560       4.3861
    2561       4.4238
    2562       4.3396
    2563       4.3759
    2564       4.4169
    2565       4.2911
    2566       4.2699
    2567       4.2924
    2568       4.3164
    2569       4.2764
    2570       4.2849
    2571       4.2871
    2572       4.3617
    2573       4.3549
    2574       4.3773
    2575       4.2992
    2576       4.3064
    2577       4.3142
    2578       4.4245
    2579       4.3713
    2580       4.3612
    2581       4.5104
    2582       4.4511
    2583       4.5401
    2584       4.6189
    2585       4.5915
    2586       4.6154
    2587       4.5849
    2588       4.6313
    2589       4.6563
    2590       4.7051
    2591       4.7045
    2592       4.7953
    2593       4.7685
    2594       4.7827
    2595       4.8223
    2596       4.8901
    2597       4.6948
    2598       4.8189
    2599       4.8485
    2600       4.8046
    2601       4.7410
    2602       4.8404
    2603       4.8088
    2604       4.8482
    2605       4.7552
    2606       4.7713
    2607       4.7536
    2608       4.8364
    2609       4.8421
    2610       4.8201
    2611       4.8329
    2612       4.8445
    2613       4.7504
    2614       4.8739
    2615       4.9588
    2616       4.8309
    2617       4.8747
    2618       4.8824
    2619       4.7813
    2620       4.7731
    2621       4.8095
    2622       4.7253
    2623       4.7489
    2624       4.7551
    2625       4.7515
    2626       4.7475
    2627       4.6177
    2628       4.6648
    2629       4.6467
    2630       4.6216
    2631       4.6424
    2632       4.7233
    2633       4.8546
    2634       4.7664
    2635       4.7759
    2636       4.6944
    2637       4.7809
    2638       4.7685
    2639       4.8544
    2640       4.8041
    2641       4.7809
    2642       4.7113
    2643       4.7448
    2644       4.7966
    2645       4.8607
    2646       4.8589
    2647       4.8290
    2648       4.9092
    2649       4.8692
    2650       4.9306
    2651       4.9520
    2652       4.9050
    2653       4.9015
    2654       4.8057
    2655       4.8973
    2656       4.9797
    2657       4.8652
    2658       4.8347
    2659       4.9820
    2660       5.1770
    2661       5.1364
    2662       5.1563
    2663       5.0680
    2664       4.9463
    2665       4.9226
    2666       4.9410
    2667       4.9345
    2668       4.9165
    2669       4.9945
    2670       4.9805
    2671       5.0547
    2672       5.0653
    2673       5.0300
    2674       5.1319
    2675       5.1749
    2676       4.9875
    2677       5.1433
    2678       5.1485
    2679       5.0688
    2680       5.1757
    2681       5.1355
    2682       5.2723
    2683       5.1989
    2684       5.1951
    2685       5.1562
    2686       5.1270
    2687       4.9784
    2688       4.9909
    2689       5.1019
    2690       5.2179
    2691       5.2106
    2692       5.2132
    2693       5.2288
    2694       5.2292
    2695       5.2373
    2696       5.3501
    2697       5.2919
    2698       5.3055
    2699       5.1682
    2700       5.1625
    2701       5.0379
    2702       5.0345
    2703       4.9779
    2704       4.9996
    2705       4.9504
    2706       4.9606
    2707       5.0246
    2708       5.0774
    2709       5.0647
    2710       5.0743
    2711       5.0786
    2712       5.1541
    2713       5.2094
    2714       5.1561
    2715       5.1175
    2716       5.0775
    2717       5.0021
    2718       4.9723
    2719       4.8192
    2720       4.8802
    2721       4.9156
    2722       4.8580
    2723       4.8214
    2724       4.8973
    2725       4.8582
    2726       4.9073
    2727       4.9909
    2728       4.9937
    2729       5.1269
    2730       5.0788
    2731       5.1386
    2732       5.1332
    2733       5.2680
    2734       5.3347
    2735       5.3355
    2736       5.3892
    2737       5.3770
    2738       5.3326
    2739       5.2087
    2740       5.2264
    2741       5.1371
