#Frame           prot
       1       1.1706
       2       1.1957
       3       1.1662
       4       1.1736
       5       1.1626
       6       1.1644
       7       1.1721
       8       1.1752
       9       1.1701
      10       1.1666
      11       1.1608
      12       1.1715
      13       1.1747
      14       1.1671
      15       1.1621
      16       1.1735
      17       1.1711
      18       1.1730
      19       1.1576
      20       1.1663
      21       1.1780
      22       1.1681
      23       1.1746
      24       1.1659
      25       1.1637
      26       1.1634
      27       1.1695
      28       1.1613
      29       1.1533
      30       1.1778
      31       1.1685
      32       1.1564
      33       1.1780
      34       1.1691
      35       1.1642
      36       1.1671
      37       1.1726
      38       1.1627
      39       1.1549
      40       1.1735
      41       1.1617
      42       1.1825
      43       1.1644
      44       1.1542
      45       1.1553
      46       1.1696
      47       1.1733
      48       1.1677
      49       1.1749
      50       1.1738
      51       1.1684
      52       1.1660
      53       1.1645
      54       1.1568
      55       1.1726
      56       1.1706
      57       1.1632
      58       1.1635
      59       1.1688
      60       1.1567
      61       1.1723
      62       1.1779
      63       1.1701
      64       1.1560
      65       1.1700
      66       1.1691
      67       1.1752
      68       1.1742
      69       1.1780
      70       1.1646
      71       1.1693
      72       1.1612
      73       1.1599
      74       1.1575
      75       1.1763
      76       1.1792
      77       1.1743
      78       1.1644
      79       1.1747
      80       1.1555
      81       1.1644
      82       1.1618
      83       1.1715
      84       1.1616
      85       1.1734
      86       1.1647
      87       1.1596
      88       1.1694
      89       1.1682
      90       1.1571
      91       1.1683
      92       1.1700
      93       1.1576
      94       1.1663
      95       1.1629
      96       1.1630
      97       1.1658
      98       1.1629
      99       1.1591
     100       1.1618
     101       1.1592
     102       1.1696
     103       1.1213
     104       1.2790
     105       1.1789
     106       1.2601
     107       1.2818
     108       1.3001
     109       1.3832
     110       1.4650
     111       1.6472
     112       1.7689
     113       1.7406
     114       1.6914
     115       1.6672
     116       1.7240
     117       1.5955
     118       1.7160
     119       1.6430
     120       1.7354
     121       1.8015
     122       1.8148
     123       1.7718
     124       1.8539
     125       1.8312
     126       1.8436
     127       1.8364
     128       1.7860
     129       1.7677
     130       1.7776
     131       1.7864
     132       1.7645
     133       1.8478
     134       1.8239
     135       1.8372
     136       1.8578
     137       1.8672
     138       1.9614
     139       2.0557
     140       1.9932
     141       1.9625
     142       2.0108
     143       2.0088
     144       1.9830
     145       2.1451
     146       2.0476
     147       2.0855
     148       2.1637
     149       2.2183
     150       2.2052
     151       2.2621
     152       2.3814
     153       2.3739
     154       2.4271
     155       2.4658
     156       2.4936
     157       2.4722
     158       2.4142
     159       2.4463
     160       2.4076
     161       2.3446
     162       2.3504
     163       2.2990
     164       2.4005
     165       2.4167
     166       2.5681
     167       2.5100
     168       2.5710
     169       2.5980
     170       2.3697
     171       2.4002
     172       2.5179
     173       2.4909
     174       2.4552
     175       2.5657
     176       2.6292
     177       2.6311
     178       2.6131
     179       2.7193
     180       2.6493
     181       2.7560
     182       2.6626
     183       2.6310
     184       2.5711
     185       2.3831
     186       2.4996
     187       2.6014
     188       2.4885
     189       2.4670
     190       2.4754
     191       2.3923
     192       2.3770
     193       2.3340
     194       2.3536
     195       2.4563
     196       2.4134
     197       2.5187
     198       2.5217
     199       2.5445
     200       2.6302
     201       2.6408
     202       2.7382
     203       2.8082
     204       2.7487
     205       2.7886
     206       2.8315
     207       2.7407
     208       2.7897
     209       2.7921
     210       2.7497
     211       2.7589
     212       2.8091
     213       2.8573
     214       2.7406
     215       2.6566
     216       2.6005
     217       2.6597
     218       2.7063
     219       2.6662
     220       2.5939
     221       2.6408
     222       2.7044
     223       2.6851
     224       2.5263
     225       2.6199
     226       2.6135
     227       2.7128
     228       2.7204
     229       2.6961
     230       2.6830
     231       2.7341
     232       2.7512
     233       2.7727
     234       2.6581
     235       2.5290
     236       2.4208
     237       2.5723
     238       2.5342
     239       2.5239
     240       2.6061
     241       2.6215
     242       2.5619
     243       2.4421
     244       2.3336
     245       2.4827
     246       2.4835
     247       2.5009
     248       2.5107
     249       2.5147
     250       2.4271
     251       2.4552
     252       2.5577
     253       2.5810
     254       2.5725
     255       2.5821
     256       2.6232
     257       2.5863
     258       2.6661
     259       2.6319
     260       2.5689
     261       2.4886
     262       2.5391
     263       2.6052
     264       2.6966
     265       2.8039
     266       2.8124
     267       2.8315
     268       2.8127
     269       2.8965
     270       2.8207
     271       2.8513
     272       2.7729
     273       2.8708
     274       2.9174
     275       2.8074
     276       2.7697
     277       2.8631
     278       2.9663
     279       2.9526
     280       2.9917
     281       2.9750
     282       3.0132
     283       2.8688
     284       2.9523
     285       2.9453
     286       3.1452
     287       3.0534
     288       3.0816
     289       3.1642
     290       3.1304
     291       3.1077
     292       3.1251
     293       3.0883
     294       3.0851
     295       3.0388
     296       2.9815
     297       2.9719
     298       3.0790
     299       3.3305
     300       3.2956
     301       3.3136
     302       3.3237
     303       3.3101
     304       3.3023
     305       3.2503
     306       3.2319
     307       3.3708
     308       3.3236
     309       3.2526
     310       3.2122
     311       3.1527
     312       3.0534
     313       2.9779
     314       2.8659
     315       2.8377
     316       2.9414
     317       2.9559
     318       3.0021
     319       3.0813
     320       3.1483
     321       3.1832
     322       3.1963
     323       3.0742
     324       3.1315
     325       3.2192
     326       3.2442
     327       3.1725
     328       3.1417
     329       3.2149
     330       3.1594
     331       3.0809
     332       3.1014
     333       3.0107
     334       3.0568
     335       3.1115
     336       3.1117
     337       3.0673
     338       3.0042
     339       3.1510
     340       3.1697
     341       3.0722
     342       3.0765
     343       3.0542
     344       3.0692
     345       3.1425
     346       3.1962
     347       3.1067
     348       2.9024
     349       2.9339
     350       3.0392
     351       3.0996
     352       3.0522
     353       3.1389
     354       3.1646
     355       3.2264
     356       3.2638
     357       3.2100
     358       3.2137
     359       3.3506
     360       3.3383
     361       3.3566
     362       3.3605
     363       3.3611
     364       3.4597
     365       3.5617
     366       3.5900
     367       3.5463
     368       3.4559
     369       3.5025
     370       3.4656
     371       3.5654
     372       3.6548
     373       3.6391
     374       3.6134
     375       3.5605
     376       3.5472
     377       3.6565
     378       3.7100
     379       3.5499
     380       3.5496
     381       3.3802
     382       3.4307
     383       3.5054
     384       3.5034
     385       3.5325
     386       3.4619
     387       3.4456
     388       3.3370
     389       3.2332
     390       3.3494
     391       3.4453
     392       3.2795
     393       3.3470
     394       3.4911
     395       3.4438
     396       3.5086
     397       3.5092
     398       3.4398
     399       3.4703
     400       3.4858
     401       3.5782
     402       3.5316
     403       3.4555
     404       3.5536
     405       3.5766
     406       3.5304
     407       3.5322
     408       3.4872
     409       3.5973
     410       3.6806
     411       3.6782
     412       3.7855
     413       3.6540
     414       3.6786
     415       3.7049
     416       3.7454
     417       3.7360
     418       3.9493
     419       3.9414
     420       3.9908
     421       3.9944
     422       4.0002
     423       3.9807
     424       4.0065
     425       3.9570
     426       3.9972
     427       3.9299
     428       4.1053
     429       4.1634
     430       4.1988
     431       4.2451
     432       4.1215
     433       4.0894
     434       3.9062
     435       3.8549
     436       3.7141
     437       3.7056
     438       3.7313
     439       3.7393
     440       3.6277
     441       3.6828
     442       3.6706
     443       3.7534
     444       3.8039
     445       3.7294
     446       3.7185
     447       3.7529
     448       3.7862
     449       3.8273
     450       3.8008
     451       3.7534
     452       3.8347
     453       3.7395
     454       3.8523
     455       3.7280
     456       3.7072
     457       3.7504
     458       3.9015
     459       3.8045
     460       3.7878
     461       3.8430
     462       3.7967
     463       3.8792
     464       3.8684
     465       3.8641
     466       4.1009
     467       4.2032
     468       4.2870
     469       4.1441
     470       3.9712
     471       3.8790
     472       3.8588
     473       3.9648
     474       4.0360
     475       3.9544
     476       3.8933
     477       3.9134
     478       3.8291
     479       3.9673
     480       3.9203
     481       4.0338
     482       3.9050
     483       3.8668
     484       3.8859
     485       3.8743
     486       3.9916
     487       4.0872
     488       3.9475
     489       3.8787
     490       3.8211
     491       3.9274
     492       3.9836
     493       3.8648
     494       3.7993
     495       3.7854
     496       3.8178
     497       3.7480
     498       3.6968
     499       3.7532
     500       3.7826
     501       3.8435
     502       3.8116
     503       3.8089
     504       3.9007
     505       3.8748
     506       3.7888
     507       3.8012
     508       3.8799
     509       3.8570
     510       3.9144
     511       4.0910
     512       4.0729
     513       4.1888
     514       4.3648
     515       4.4442
     516       4.4196
     517       4.2483
     518       4.2892
     519       4.3077
     520       4.3843
     521       4.3963
     522       4.3669
     523       4.3994
     524       4.3814
     525       4.4453
     526       4.4823
     527       4.3847
     528       4.3429
     529       4.3313
     530       4.3685
     531       4.3900
     532       4.3221
     533       4.2892
     534       4.3317
     535       4.3446
     536       4.2887
     537       4.2736
     538       4.2287
     539       4.0283
     540       3.9494
     541       4.0589
     542       4.0778
     543       3.8695
     544       3.9711
     545       3.8193
     546       3.7476
     547       3.8322
     548       3.7374
     549       3.8313
     550       3.8459
     551       3.7788
     552       3.7731
     553       3.6238
     554       3.5249
     555       3.4827
     556       3.4147
     557       3.4385
     558       3.4027
     559       3.4149
     560       3.5283
     561       3.5179
     562       3.2664
     563       3.2513
     564       3.1981
     565       3.1978
     566       3.2218
     567       3.3221
     568       3.3850
     569       3.3207
     570       3.3811
     571       3.4154
     572       3.3659
     573       3.4954
     574       3.5757
     575       3.7045
     576       3.7554
     577       3.7753
     578       3.7545
     579       3.7918
     580       3.7150
     581       3.9281
     582       3.9041
     583       3.7913
     584       3.8499
     585       3.8158
     586       3.8530
     587       3.9165
     588       3.9573
     589       3.8587
     590       3.9228
     591       4.0364
     592       4.0925
     593       3.9981
     594       4.0951
     595       3.9628
     596       3.9939
     597       3.9459
     598       3.8067
     599       3.8466
     600       3.9724
     601       3.9857
     602       4.0484
     603       4.0279
     604       4.0382
     605       4.0978
     606       4.1632
     607       4.2321
     608       4.1350
     609       4.2067
     610       4.2160
     611       4.1386
     612       4.0940
     613       4.0306
     614       4.0238
     615       4.0240
     616       3.9513
     617       3.9126
     618       4.0090
     619       4.0274
     620       3.9173
     621       3.8663
     622       3.8168
     623       3.9345
     624       4.0118
     625       3.9436
     626       3.9915
     627       3.8895
     628       3.7474
     629       3.8084
     630       3.6435
     631       3.6978
     632       3.7529
     633       3.6782
     634       3.5590
     635       3.6591
     636       3.6255
     637       3.7278
     638       3.8197
     639       3.8400
     640       3.9353
     641       3.9969
     642       3.8156
     643       3.7841
     644       3.8364
     645       3.8278
     646       3.9357
     647       3.8534
     648       3.9307
     649       3.8894
     650       3.9369
     651       3.8298
     652       3.8565
     653       3.8199
     654       3.8412
     655       3.6489
     656       3.6832
     657       3.6430
     658       3.5687
     659       3.5244
     660       3.5067
     661       3.4403
     662       3.3956
     663       3.3439
     664       3.1986
     665       3.1628
     666       3.1668
     667       3.1348
     668       3.1444
     669       3.1373
     670       3.2351
     671       3.2829
     672       3.2244
     673       3.2798
     674       3.3133
     675       3.2856
     676       3.2249
     677       3.2752
     678       3.2646
     679       3.2993
     680       3.3167
     681       3.2769
     682       3.1783
     683       3.1949
     684       3.3109
     685       3.3294
     686       3.1974
     687       3.2863
     688       3.2983
     689       3.3248
     690       3.2699
     691       3.3858
     692       3.4544
     693       3.4584
     694       3.4875
     695       3.4064
     696       3.4401
     697       3.4165
     698       3.3584
     699       3.3017
     700       3.2792
     701       3.3164
     702       3.3544
     703       3.3575
     704       3.3581
     705       3.4383
     706       3.4595
     707       3.4323
     708       3.4446
     709       3.4890
     710       3.4055
     711       3.3142
     712       3.3501
     713       3.3412
     714       3.3593
     715       3.4004
     716       3.3888
     717       3.4348
     718       3.5128
     719       3.4960
     720       3.5532
     721       3.7089
     722       3.6377
     723       3.6681
     724       3.6185
     725       3.7355
     726       3.6513
     727       3.5678
     728       3.7052
     729       3.6384
     730       3.6989
     731       3.6961
     732       3.5635
     733       3.7084
     734       3.5485
     735       3.5597
     736       3.5489
     737       3.5296
     738       3.4856
     739       3.4378
     740       3.6442
     741       3.6446
     742       3.5816
     743       3.5030
     744       3.4911
     745       3.4388
     746       3.3742
     747       3.4045
     748       3.2328
     749       3.2943
     750       3.2293
     751       3.2407
     752       3.2359
     753       3.3249
     754       3.3839
     755       3.4694
     756       3.5389
     757       3.4783
     758       3.4179
     759       3.4503
     760       3.4071
     761       3.4041
     762       3.3559
     763       3.3888
     764       3.3962
     765       3.3510
     766       3.4216
     767       3.5239
     768       3.5554
     769       3.5525
     770       3.5728
     771       3.4235
     772       3.4453
     773       3.5562
     774       3.4681
     775       3.4491
     776       3.4361
     777       3.4266
     778       3.3376
     779       3.3813
     780       3.3532
     781       3.3155
     782       3.3327
     783       3.3736
     784       3.4518
     785       3.4925
     786       3.6653
     787       3.7359
     788       3.6470
     789       3.6597
     790       3.6408
     791       3.6131
     792       3.5896
     793       3.5490
     794       3.6453
     795       3.6073
     796       3.5962
     797       3.6125
     798       3.7119
     799       3.6248
     800       3.4642
     801       3.4031
     802       3.3245
     803       3.3614
     804       3.1871
     805       3.1620
     806       3.1857
     807       3.2583
     808       3.2144
     809       3.2511
     810       3.1960
     811       3.2480
     812       3.3676
     813       3.4007
     814       3.3194
     815       3.3010
     816       3.2153
     817       3.3472
     818       3.3263
     819       3.3067
     820       3.3756
     821       3.3527
     822       3.4821
     823       3.4992
     824       3.5354
     825       3.5392
     826       3.5056
     827       3.5106
     828       3.4427
     829       3.4590
     830       3.4995
     831       3.5008
     832       3.4228
     833       3.4199
     834       3.4758
     835       3.5930
     836       3.6757
     837       3.5984
     838       3.6942
     839       3.6392
     840       3.6057
     841       3.6003
     842       3.5761
     843       3.5707
     844       3.6208
     845       3.6670
     846       3.6345
     847       3.6968
     848       3.6924
     849       3.8041
     850       3.8137
     851       3.7209
     852       3.7070
     853       3.6991
     854       3.6790
     855       3.6031
     856       3.5302
     857       3.4848
     858       3.5154
     859       3.4777
     860       3.4723
     861       3.4758
     862       3.5161
     863       3.4463
     864       3.3511
     865       3.3755
     866       3.2936
     867       3.4231
     868       3.5252
     869       3.4525
     870       3.3875
     871       3.3265
     872       3.3568
     873       3.3489
     874       3.2809
     875       3.2631
     876       3.3482
     877       3.3934
     878       3.5351
     879       3.5008
     880       3.3873
     881       3.4620
     882       3.5810
     883       3.5135
     884       3.5329
     885       3.4474
     886       3.4514
     887       3.4455
     888       3.5072
     889       3.4927
     890       3.4058
     891       3.4630
     892       3.3346
     893       3.3635
     894       3.3865
     895       3.3350
     896       3.2756
     897       3.2594
     898       3.3067
     899       3.3461
     900       3.4146
     901       3.4406
     902       3.3280
     903       3.3160
     904       3.3958
     905       3.3876
     906       3.3431
     907       3.4432
     908       3.4881
     909       3.3753
     910       3.4274
     911       3.3542
     912       3.3537
     913       3.4668
     914       3.4167
     915       3.3990
     916       3.4080
     917       3.4331
     918       3.4417
     919       3.4586
     920       3.5488
     921       3.6508
     922       3.6363
     923       3.6678
     924       3.8086
     925       3.8418
     926       3.8545
     927       3.8473
     928       3.8150
     929       3.6799
     930       3.7544
     931       3.6427
     932       3.5988
     933       3.6369
     934       3.6164
     935       3.6270
     936       3.6185
     937       3.6658
     938       3.5696
     939       3.5587
     940       3.5544
     941       3.5327
     942       3.6107
     943       3.5708
     944       3.4561
     945       3.5318
     946       3.5628
     947       3.4845
     948       3.4331
     949       3.3488
     950       3.3560
     951       3.4605
     952       3.4174
     953       3.3987
     954       3.2502
     955       3.2089
     956       3.1309
     957       3.1043
     958       3.1871
     959       3.3336
     960       3.3901
     961       3.3965
     962       3.5139
     963       3.5599
     964       3.4760
     965       3.5630
     966       3.4969
     967       3.6716
     968       3.6274
     969       3.5699
     970       3.5097
     971       3.4948
     972       3.7094
     973       3.7044
     974       3.7161
     975       3.6599
     976       3.6091
     977       3.5747
     978       3.4923
     979       3.5010
     980       3.4756
     981       3.3911
     982       3.4279
     983       3.3669
     984       3.3940
     985       3.4071
     986       3.4139
     987       3.4089
     988       3.4565
     989       3.5789
     990       3.5505
     991       3.4126
     992       3.3619
     993       3.2951
     994       3.4376
     995       3.3623
     996       3.2726
     997       3.3445
     998       3.2794
     999       3.3661
    1000       3.3750
    1001       3.4492
    1002       3.2486
    1003       3.3837
    1004       3.2224
    1005       3.2112
    1006       3.1337
    1007       3.1224
    1008       3.1645
    1009       3.0866
    1010       3.0788
    1011       3.0779
    1012       3.1293
    1013       3.2206
    1014       3.1782
    1015       3.2064
    1016       3.1587
    1017       3.2350
    1018       3.3351
    1019       3.2534
    1020       3.2171
    1021       3.2661
    1022       3.3035
    1023       3.2981
    1024       3.2401
    1025       3.2441
    1026       3.1534
    1027       3.2094
    1028       3.3207
    1029       3.2925
    1030       3.3193
    1031       3.4131
    1032       3.4429
    1033       3.4246
    1034       3.3219
    1035       3.4230
    1036       3.4829
    1037       3.4634
    1038       3.4396
    1039       3.4908
    1040       3.5369
    1041       3.5413
    1042       3.4469
    1043       3.4616
    1044       3.5242
    1045       3.4833
    1046       3.6059
    1047       3.5517
    1048       3.7025
    1049       3.6782
    1050       3.6592
    1051       3.7768
    1052       3.6531
    1053       3.7118
    1054       3.6211
    1055       3.6316
    1056       3.6785
    1057       3.7908
    1058       3.8061
    1059       3.7886
    1060       3.8105
    1061       3.7543
    1062       3.6967
    1063       3.7387
    1064       3.7053
    1065       3.6096
    1066       3.6000
    1067       3.6059
    1068       3.6546
    1069       3.5771
    1070       3.5844
    1071       3.6134
    1072       3.5409
    1073       3.5161
    1074       3.6461
    1075       3.6870
    1076       3.8025
    1077       3.8655
    1078       3.9128
    1079       3.9642
    1080       3.9950
    1081       3.9234
    1082       4.0041
    1083       4.0215
    1084       3.9499
    1085       3.8961
    1086       3.9174
    1087       3.9098
    1088       3.9284
    1089       4.0376
    1090       4.0327
    1091       4.0765
    1092       4.1093
    1093       4.1276
    1094       4.2238
    1095       4.1120
    1096       4.3082
    1097       4.4124
    1098       4.4781
    1099       4.5143
    1100       4.4800
    1101       4.5681
    1102       4.4356
    1103       4.5885
    1104       4.5583
    1105       4.5364
    1106       4.6042
    1107       4.6289
    1108       4.6873
    1109       4.6643
    1110       4.6506
    1111       4.6465
    1112       4.6121
    1113       4.5863
    1114       4.5548
    1115       4.5500
    1116       4.4086
    1117       4.3125
    1118       4.3457
    1119       4.3056
    1120       4.3434
    1121       4.3429
    1122       4.4686
    1123       4.5274
    1124       4.5597
    1125       4.4935
    1126       4.4290
    1127       4.4605
    1128       4.4639
    1129       4.5909
    1130       4.4791
    1131       4.5672
    1132       4.5266
    1133       4.6037
    1134       4.6095
    1135       4.6297
    1136       4.4761
    1137       4.5056
    1138       4.4674
    1139       4.4048
    1140       4.3778
    1141       4.4217
    1142       4.4817
    1143       4.5405
    1144       4.6243
    1145       4.7104
    1146       4.7464
    1147       4.7005
    1148       4.6655
    1149       4.6902
    1150       4.8120
    1151       4.6868
    1152       4.8430
    1153       4.8920
    1154       4.9105
    1155       4.8035
    1156       4.8368
    1157       4.9280
    1158       4.8717
    1159       4.8148
    1160       4.7792
    1161       4.7758
    1162       4.7162
    1163       4.7466
    1164       4.6861
    1165       4.7136
    1166       4.6356
    1167       4.6492
    1168       4.6682
    1169       4.6318
    1170       4.7502
    1171       4.8569
    1172       4.7380
    1173       4.8867
    1174       4.7777
    1175       4.8236
    1176       4.6599
    1177       4.6321
    1178       4.6088
    1179       4.5666
    1180       4.5564
    1181       4.5138
    1182       4.4991
    1183       4.5082
    1184       4.6281
    1185       4.6142
    1186       4.6432
    1187       4.6794
    1188       4.6315
    1189       4.6133
    1190       4.6125
    1191       4.4320
    1192       4.4952
    1193       4.3938
    1194       4.3791
    1195       4.2759
    1196       4.1804
    1197       4.2764
    1198       4.2742
    1199       4.2948
    1200       4.4533
    1201       4.2777
    1202       4.1687
    1203       4.1635
    1204       4.1794
    1205       4.2534
    1206       4.2454
    1207       4.1738
    1208       4.1932
    1209       4.1567
    1210       4.2272
    1211       4.2005
    1212       4.2920
    1213       4.3200
    1214       4.2348
    1215       4.1498
    1216       4.1825
    1217       4.1103
    1218       4.1125
    1219       4.2288
    1220       4.2359
    1221       4.1772
    1222       4.2684
    1223       4.3912
    1224       4.2296
    1225       4.3586
    1226       4.2105
    1227       4.1161
    1228       4.1047
    1229       4.1584
    1230       4.2930
    1231       4.1792
    1232       4.0903
    1233       4.0036
    1234       3.8448
    1235       3.9754
    1236       3.9471
    1237       4.0095
    1238       3.9342
    1239       3.9097
    1240       3.9478
    1241       3.9519
    1242       3.9799
    1243       4.1228
    1244       4.0807
    1245       4.1966
    1246       4.1344
    1247       4.2072
    1248       4.2212
    1249       4.1517
    1250       4.1906
    1251       4.1407
    1252       4.2862
    1253       4.2466
    1254       4.3142
    1255       4.2232
    1256       4.1896
    1257       4.1718
    1258       4.0566
    1259       3.9316
    1260       3.9955
    1261       3.9589
    1262       3.9574
    1263       3.9476
    1264       3.9188
    1265       3.9415
    1266       3.9743
    1267       4.0370
    1268       4.1148
    1269       4.1031
    1270       4.3241
    1271       4.2394
    1272       4.1561
    1273       4.3072
    1274       4.3058
    1275       4.2605
    1276       4.2067
    1277       4.1428
    1278       4.1489
    1279       4.1711
    1280       4.1863
    1281       4.1560
    1282       4.0819
    1283       4.2036
    1284       4.1150
    1285       4.0302
    1286       4.0117
    1287       3.9070
    1288       3.9275
    1289       3.8787
    1290       3.8550
    1291       3.8711
    1292       3.8775
    1293       4.0519
    1294       4.0614
    1295       4.0964
    1296       4.1378
    1297       4.1250
    1298       4.0751
    1299       4.0219
    1300       4.0322
    1301       3.9187
    1302       4.0249
    1303       4.0517
    1304       4.0743
    1305       4.0249
    1306       4.1590
    1307       4.1372
    1308       4.1271
    1309       4.1796
    1310       4.1947
    1311       4.1920
    1312       4.2712
    1313       4.2530
    1314       4.1096
    1315       4.1826
    1316       4.1099
    1317       4.2471
    1318       4.3602
    1319       4.2701
    1320       4.2994
    1321       4.3590
    1322       4.2586
    1323       4.3295
    1324       4.2225
    1325       4.2245
    1326       4.2343
    1327       4.2362
    1328       4.2781
    1329       4.2421
    1330       4.2016
    1331       4.1198
    1332       4.2599
    1333       4.3324
    1334       4.3073
    1335       4.4308
    1336       4.3339
    1337       4.2184
    1338       4.2250
    1339       4.2334
    1340       4.0379
    1341       4.1585
    1342       4.1590
    1343       4.0742
    1344       4.1092
    1345       4.2397
    1346       4.2200
    1347       4.2423
    1348       4.3498
    1349       4.2016
    1350       4.2628
    1351       4.2063
    1352       4.1761
    1353       4.1385
    1354       4.1487
    1355       4.1211
    1356       4.0326
    1357       4.1376
    1358       4.1114
    1359       4.1548
    1360       4.1234
    1361       4.2363
    1362       4.2168
    1363       4.1614
    1364       4.1188
    1365       3.9847
    1366       3.8997
    1367       3.9932
    1368       3.9914
    1369       4.0707
    1370       3.9663
    1371       3.9296
    1372       3.8396
    1373       3.8748
    1374       3.7812
    1375       3.7752
    1376       3.6856
    1377       3.6717
    1378       3.6305
    1379       3.6401
    1380       3.6378
    1381       3.5547
    1382       3.6723
    1383       3.5998
    1384       3.6116
    1385       3.6334
    1386       3.6231
    1387       3.6511
    1388       3.7203
    1389       3.5510
    1390       3.6033
    1391       3.5080
    1392       3.4730
    1393       3.5041
    1394       3.5073
    1395       3.4826
    1396       3.3416
    1397       3.3344
    1398       3.2728
    1399       3.2693
    1400       3.2961
    1401       3.1503
    1402       3.1856
    1403       3.2262
    1404       3.1416
    1405       3.2068
    1406       3.3103
    1407       3.3028
    1408       3.2653
    1409       3.3260
    1410       3.2305
    1411       3.2175
    1412       3.1529
    1413       3.0723
    1414       3.0707
    1415       3.1921
    1416       3.2390
    1417       3.3264
    1418       3.3314
    1419       3.3566
    1420       3.2770
    1421       3.2411
    1422       3.1712
    1423       3.1876
    1424       3.0723
    1425       3.1282
    1426       3.1552
    1427       3.0676
    1428       3.0367
    1429       3.0408
    1430       3.1027
    1431       3.0174
    1432       3.0650
    1433       3.1103
    1434       3.1970
    1435       3.1781
    1436       3.2322
    1437       3.1011
    1438       3.0182
    1439       3.0499
    1440       2.9187
    1441       2.9835
    1442       2.8783
    1443       2.9619
    1444       3.0172
    1445       3.0677
    1446       3.0268
    1447       3.0943
    1448       2.9859
    1449       3.0306
    1450       3.0473
    1451       2.9631
    1452       2.9072
    1453       2.8886
    1454       2.9973
    1455       2.9835
    1456       3.0210
    1457       2.8838
    1458       2.9650
    1459       2.9488
    1460       2.9592
    1461       2.9159
    1462       2.8926
    1463       2.9337
    1464       3.0593
    1465       3.0796
    1466       3.0933
    1467       3.1140
    1468       3.0597
    1469       3.1061
    1470       3.0342
    1471       3.1282
    1472       3.0859
    1473       3.0327
    1474       3.0370
    1475       3.1423
    1476       3.0109
    1477       3.0042
    1478       3.0122
    1479       3.0592
    1480       3.0962
    1481       3.0443
    1482       3.1323
    1483       3.0806
    1484       3.1232
    1485       3.1639
    1486       3.1983
    1487       3.2780
    1488       3.2779
    1489       3.2510
    1490       3.2664
    1491       3.2182
    1492       3.1771
    1493       3.1835
    1494       3.2659
    1495       3.3233
    1496       3.2549
    1497       3.3525
    1498       3.3309
    1499       3.2414
    1500       3.2576
    1501       3.2970
    1502       3.3130
    1503       3.3484
    1504       3.3280
    1505       3.3828
    1506       3.3109
    1507       3.3897
    1508       3.2729
    1509       3.3646
    1510       3.3435
    1511       3.3939
    1512       3.5017
    1513       3.4432
    1514       3.4205
    1515       3.3439
    1516       3.3730
    1517       3.3926
    1518       3.2630
    1519       3.3430
    1520       3.2893
    1521       3.2573
    1522       3.2278
    1523       3.2896
    1524       3.2391
    1525       3.2094
    1526       3.2914
    1527       3.2938
    1528       3.2941
    1529       3.3665
    1530       3.3079
    1531       3.2753
    1532       3.2529
    1533       3.2005
    1534       3.2235
    1535       3.2269
    1536       3.2049
    1537       3.1847
    1538       3.2124
    1539       3.0982
    1540       3.0584
    1541       3.0079
    1542       3.0517
    1543       3.0535
    1544       3.0217
    1545       2.9715
    1546       3.0425
    1547       3.0040
    1548       3.0399
    1549       3.0134
    1550       2.9701
    1551       2.9390
    1552       3.0039
    1553       2.9510
    1554       3.0020
    1555       3.1051
    1556       3.0954
    1557       3.0357
    1558       2.9461
    1559       2.9982
    1560       3.0376
    1561       2.9440
    1562       2.9098
    1563       3.0161
    1564       2.9651
    1565       2.9684
    1566       2.9950
    1567       3.0074
    1568       3.0627
    1569       3.1253
    1570       3.1438
    1571       3.2606
    1572       3.2099
    1573       3.2296
    1574       3.2922
    1575       3.2346
    1576       3.2641
    1577       3.3123
    1578       3.2932
    1579       3.2105
    1580       3.1527
    1581       3.2326
    1582       3.2307
    1583       3.1481
    1584       3.1380
    1585       3.1478
    1586       3.2242
    1587       3.2152
    1588       3.0939
    1589       3.0027
    1590       3.1008
    1591       3.0929
    1592       3.0286
    1593       3.0850
    1594       3.0167
    1595       3.0216
    1596       3.0427
    1597       3.0752
    1598       3.0200
    1599       3.0133
    1600       3.0298
    1601       2.9418
    1602       2.9666
    1603       2.9987
    1604       2.9986
    1605       2.9554
    1606       3.0428
    1607       2.9913
    1608       3.0322
    1609       3.0745
    1610       2.9929
    1611       3.1029
    1612       3.1677
    1613       3.1576
    1614       3.1200
    1615       3.1735
    1616       3.1318
    1617       3.0968
    1618       3.1279
    1619       3.0876
    1620       3.1280
    1621       3.0720
    1622       3.1527
    1623       3.1528
    1624       3.1772
    1625       3.2057
    1626       3.2739
    1627       3.2035
    1628       3.1301
    1629       3.0212
    1630       3.0825
    1631       2.9438
    1632       3.1162
    1633       3.0668
    1634       3.0588
    1635       3.0709
    1636       3.0676
    1637       3.0362
    1638       3.0634
    1639       3.1774
    1640       3.2597
    1641       3.2567
    1642       3.2569
    1643       3.2282
    1644       3.2881
    1645       3.3805
    1646       3.3351
    1647       3.2775
    1648       3.2067
    1649       3.2595
    1650       3.2797
    1651       3.3512
    1652       3.2796
    1653       3.3317
    1654       3.3424
    1655       3.3900
    1656       3.3952
    1657       3.3492
    1658       3.5190
    1659       3.5965
    1660       3.6078
    1661       3.8322
    1662       3.6219
    1663       3.4805
    1664       3.5994
    1665       3.5969
    1666       3.6517
    1667       3.6397
    1668       3.5843
    1669       3.6253
    1670       3.6509
    1671       3.5228
    1672       3.4419
    1673       3.2999
    1674       3.3760
    1675       3.3827
    1676       3.3785
    1677       3.2969
    1678       3.3293
    1679       3.2783
    1680       3.3011
    1681       3.4145
    1682       3.4558
    1683       3.4434
    1684       3.3934
    1685       3.3557
    1686       3.5537
    1687       3.6740
    1688       3.6546
    1689       3.7012
    1690       3.7582
    1691       3.7431
    1692       3.6013
    1693       3.6408
    1694       3.7019
    1695       3.7419
    1696       3.7331
    1697       3.6760
    1698       3.5689
    1699       3.6200
    1700       3.4831
    1701       3.5044
    1702       3.4658
    1703       3.4315
    1704       3.4596
    1705       3.4094
    1706       3.3677
    1707       3.3602
    1708       3.3636
    1709       3.3633
    1710       3.3149
    1711       3.4215
    1712       3.3698
    1713       3.3042
    1714       3.2844
    1715       3.2869
    1716       3.2539
    1717       3.3219
    1718       3.3981
    1719       3.2838
    1720       3.4230
    1721       3.3429
    1722       3.3044
    1723       3.4581
    1724       3.4685
    1725       3.4761
    1726       3.4898
    1727       3.5914
    1728       3.5990
    1729       3.6085
    1730       3.6859
    1731       3.6475
    1732       3.6253
    1733       3.7041
    1734       3.7647
    1735       3.8615
    1736       3.8180
    1737       3.6651
    1738       3.7579
    1739       3.7356
    1740       3.6033
    1741       3.6583
    1742       3.6934
    1743       3.6982
    1744       3.7792
    1745       3.7822
    1746       3.8566
    1747       3.9338
    1748       3.9006
    1749       3.9098
    1750       3.8097
    1751       3.8849
    1752       3.9113
    1753       3.9294
    1754       4.0566
    1755       3.8927
    1756       3.9870
    1757       3.9865
    1758       3.9947
    1759       3.8147
    1760       3.7835
    1761       3.7578
    1762       3.8324
    1763       3.9371
    1764       3.9948
    1765       4.1248
    1766       4.1027
    1767       4.1375
    1768       4.0751
    1769       3.9877
    1770       3.9388
    1771       3.9550
    1772       3.8154
    1773       3.8789
    1774       3.8791
    1775       3.8767
    1776       3.9264
    1777       3.8778
    1778       3.9810
    1779       3.8717
    1780       3.9518
    1781       4.0411
    1782       4.1411
    1783       4.1042
    1784       4.0926
    1785       3.8943
    1786       3.9992
    1787       4.0645
    1788       3.9256
    1789       3.9021
    1790       3.9214
    1791       3.8284
    1792       3.9330
    1793       3.9928
    1794       4.0765
    1795       3.9772
    1796       3.9327
    1797       3.9402
    1798       4.1367
    1799       4.1522
    1800       4.0674
    1801       4.0914
    1802       4.0688
    1803       4.0042
    1804       3.8834
    1805       3.8041
    1806       3.8364
    1807       3.7522
    1808       3.7342
    1809       3.7801
    1810       3.7327
    1811       3.8128
    1812       3.8352
    1813       3.7893
    1814       3.8552
    1815       3.7690
    1816       3.7556
    1817       3.8148
    1818       3.8198
    1819       3.7973
    1820       3.8101
    1821       3.9053
    1822       3.8797
    1823       3.9700
    1824       3.8735
    1825       3.9867
    1826       3.9225
    1827       3.9249
    1828       3.9898
    1829       3.8520
    1830       3.9446
    1831       4.0116
    1832       3.9618
    1833       4.0127
    1834       3.9861
    1835       4.0406
    1836       4.0762
    1837       4.1055
    1838       4.0691
    1839       4.1366
    1840       4.1943
    1841       4.1430
    1842       4.0234
    1843       4.1053
    1844       4.0623
    1845       4.0777
    1846       4.0651
    1847       3.9950
    1848       3.8979
    1849       3.9889
    1850       3.9739
    1851       3.9853
    1852       4.1747
    1853       4.3053
    1854       4.2683
    1855       4.2867
    1856       4.3784
    1857       4.4145
    1858       4.4789
    1859       4.4073
    1860       4.4586
    1861       4.4157
    1862       4.5076
    1863       4.4998
    1864       4.5444
    1865       4.5677
    1866       4.5115
    1867       4.4946
    1868       4.5095
    1869       4.5668
    1870       4.5141
    1871       4.4762
    1872       4.5803
    1873       4.6754
    1874       4.6666
    1875       4.6791
    1876       4.7077
    1877       4.6769
    1878       4.7827
    1879       4.8637
    1880       4.8046
    1881       4.7153
    1882       4.5950
    1883       4.6281
    1884       4.6529
    1885       4.7067
    1886       4.7075
    1887       4.7931
    1888       4.7759
    1889       4.8853
    1890       4.8816
    1891       4.8210
    1892       4.8016
    1893       4.6894
    1894       4.6705
    1895       4.6633
    1896       4.5994
    1897       4.5837
    1898       4.6847
    1899       4.5702
    1900       4.6660
    1901       4.6836
    1902       4.6545
    1903       4.6452
    1904       4.5024
    1905       4.5957
    1906       4.6114
    1907       4.7148
    1908       4.7910
    1909       4.7215
    1910       4.7971
    1911       4.7498
    1912       4.8167
    1913       4.8443
    1914       4.8720
    1915       4.8178
    1916       4.7901
    1917       4.6497
    1918       4.7967
    1919       4.7689
    1920       4.6228
    1921       4.6315
    1922       4.6177
    1923       4.5942
    1924       4.6226
    1925       4.6518
    1926       4.7721
    1927       4.7755
    1928       4.8536
    1929       4.8584
    1930       4.9356
    1931       4.8113
    1932       4.7224
    1933       4.7655
    1934       4.7092
    1935       4.5916
    1936       4.6312
    1937       4.7650
    1938       4.7857
    1939       4.8625
    1940       4.7381
    1941       4.6692
    1942       4.6757
    1943       4.7210
    1944       4.7892
    1945       4.9474
    1946       4.9316
    1947       4.8847
    1948       4.9234
    1949       4.9183
    1950       5.0481
    1951       4.9666
    1952       5.0053
    1953       5.0891
    1954       5.1818
    1955       5.2118
    1956       5.0640
    1957       5.1307
    1958       5.1452
    1959       5.2315
    1960       5.2429
    1961       5.2826
    1962       5.2690
    1963       5.1313
    1964       5.1335
    1965       5.0158
    1966       5.0741
    1967       4.9446
    1968       5.0440
    1969       5.0943
    1970       5.0880
    1971       5.1171
    1972       5.1188
    1973       5.0395
    1974       5.0946
    1975       5.2039
    1976       5.1634
    1977       5.2017
    1978       5.1321
    1979       5.1700
    1980       5.3357
    1981       5.4217
    1982       5.4580
    1983       5.5144
    1984       5.5977
    1985       5.5463
    1986       5.5051
    1987       5.5390
    1988       5.6324
    1989       5.7187
    1990       5.7425
    1991       5.8194
    1992       5.7072
    1993       5.6651
    1994       5.7448
    1995       5.6467
    1996       5.7478
    1997       5.6208
    1998       5.5765
    1999       5.4791
    2000       5.4139
    2001       5.3485
    2002       5.3662
    2003       5.3192
    2004       5.3854
    2005       5.3058
    2006       5.3008
    2007       5.2576
    2008       5.2719
    2009       5.3994
    2010       5.3161
    2011       5.2692
    2012       5.2960
    2013       5.3189
    2014       5.4079
    2015       5.3739
    2016       5.4020
    2017       5.4916
    2018       5.4660
    2019       5.4057
    2020       5.3056
    2021       5.3358
    2022       5.3529
    2023       5.3402
    2024       5.4011
    2025       5.3743
    2026       5.5236
    2027       5.5283
    2028       5.5009
    2029       5.5294
    2030       5.5507
    2031       5.5422
    2032       5.6228
    2033       5.6748
    2034       5.8035
    2035       5.7564
    2036       5.9227
    2037       5.9164
    2038       5.8156
    2039       5.8807
    2040       5.9190
    2041       5.8760
    2042       5.9912
    2043       6.0370
    2044       6.0039
    2045       5.9503
    2046       6.0514
    2047       6.0093
    2048       5.9430
    2049       5.9608
    2050       5.7649
    2051       5.7158
    2052       5.7743
    2053       5.6921
    2054       5.7446
    2055       5.7322
    2056       5.7340
    2057       5.7403
    2058       5.6774
    2059       5.6446
    2060       5.6736
    2061       5.6359
    2062       5.6454
    2063       5.5886
    2064       5.5377
    2065       5.6047
    2066       5.6065
    2067       5.6779
    2068       5.6658
    2069       5.7064
    2070       5.6548
    2071       5.5422
    2072       5.5514
    2073       5.5134
    2074       5.5027
    2075       5.4889
    2076       5.4703
    2077       5.6061
    2078       5.6959
    2079       5.7289
    2080       5.6706
    2081       5.7443
    2082       5.7432
    2083       5.7842
    2084       5.7317
    2085       5.8405
    2086       5.7513
    2087       5.8993
    2088       5.8260
    2089       5.7633
    2090       5.7855
    2091       5.6443
    2092       5.7903
    2093       5.7964
    2094       5.8536
    2095       5.7544
    2096       5.7026
    2097       5.6834
    2098       5.6700
    2099       5.7500
    2100       5.7101
    2101       5.7139
    2102       5.7153
    2103       5.7416
    2104       5.8310
    2105       5.8159
    2106       5.8825
    2107       5.9742
    2108       5.9660
    2109       5.9944
    2110       5.9158
    2111       5.9534
    2112       5.9276
    2113       5.8508
    2114       5.9414
    2115       5.8300
    2116       5.8151
    2117       5.8110
    2118       5.7235
    2119       5.7334
    2120       5.7113
    2121       5.6066
    2122       5.6930
    2123       5.7334
    2124       5.7198
    2125       5.6626
    2126       5.6646
    2127       5.5606
    2128       5.5810
    2129       5.6280
    2130       5.6837
    2131       5.6660
    2132       5.6728
    2133       5.6528
    2134       5.7397
    2135       5.8251
    2136       5.8486
    2137       5.8836
    2138       5.8958
    2139       5.8241
    2140       5.8069
    2141       5.7887
    2142       5.8313
    2143       5.8632
    2144       5.9005
    2145       5.8144
    2146       5.8495
    2147       5.7363
    2148       5.7993
    2149       5.8747
    2150       5.9119
    2151       5.8836
    2152       5.9420
    2153       6.0425
    2154       5.9752
    2155       5.9214
    2156       5.9407
    2157       5.8815
    2158       5.9060
    2159       5.8504
    2160       5.8613
    2161       5.8575
    2162       5.8577
    2163       5.8150
    2164       5.7210
    2165       5.7078
    2166       5.6688
    2167       5.6641
    2168       5.6596
    2169       5.7203
    2170       5.5521
    2171       5.5404
    2172       5.5662
    2173       5.6172
    2174       5.6224
    2175       5.5855
    2176       5.5265
    2177       5.4802
    2178       5.4241
    2179       5.3862
    2180       5.4768
    2181       5.4872
    2182       5.4368
    2183       5.4316
    2184       5.4073
    2185       5.4124
    2186       5.4596
    2187       5.5586
    2188       5.5019
    2189       5.5747
    2190       5.5952
    2191       5.6310
    2192       5.7473
    2193       5.6852
    2194       5.6097
    2195       5.6870
    2196       5.7524
    2197       5.7480
    2198       5.7612
    2199       5.8545
    2200       5.8493
    2201       5.7653
    2202       5.7869
    2203       5.6804
    2204       5.6405
    2205       5.6469
    2206       5.6061
    2207       5.6550
    2208       5.7445
    2209       5.6877
    2210       5.7029
    2211       5.6866
    2212       5.5857
    2213       5.6734
    2214       5.6665
    2215       5.7601
    2216       5.6279
    2217       5.6070
    2218       5.5748
    2219       5.5516
    2220       5.4293
    2221       5.5034
    2222       5.5161
    2223       5.4380
    2224       5.3742
    2225       5.3745
    2226       5.4010
    2227       5.5038
    2228       5.4332
    2229       5.4951
    2230       5.3734
    2231       5.4210
    2232       5.3062
    2233       5.3896
    2234       5.2802
    2235       5.3186
    2236       5.3637
    2237       5.3007
    2238       5.2947
    2239       5.2762
    2240       5.1562
    2241       5.0771
    2242       5.0125
    2243       4.9963
    2244       5.0374
    2245       4.9313
    2246       4.8295
    2247       4.8859
    2248       4.9918
    2249       4.9790
    2250       4.9580
    2251       5.0212
    2252       5.1337
    2253       5.1967
    2254       5.1500
    2255       5.1653
    2256       5.0694
    2257       5.0342
    2258       5.0478
    2259       5.0001
    2260       4.9956
    2261       5.0340
    2262       5.0286
    2263       5.0440
    2264       4.9288
    2265       4.9413
    2266       4.8899
    2267       4.6606
    2268       4.6224
    2269       4.6559
    2270       4.7966
    2271       4.8044
    2272       4.7903
    2273       4.8554
    2274       4.9388
    2275       5.0577
    2276       5.1258
    2277       5.2096
    2278       5.1369
    2279       5.2015
    2280       5.1131
    2281       5.1169
    2282       5.1229
    2283       5.1864
    2284       5.1629
    2285       5.0393
    2286       5.1561
    2287       5.1791
    2288       5.2222
    2289       5.1747
    2290       5.2201
    2291       5.3034
    2292       5.3162
    2293       5.2468
    2294       5.2611
    2295       5.1014
    2296       5.0824
    2297       5.0270
    2298       4.9777
    2299       4.9988
    2300       4.9062
    2301       4.9202
    2302       4.8597
    2303       4.8337
    2304       4.8375
    2305       4.8321
    2306       4.8210
    2307       4.8697
    2308       4.8607
    2309       4.9046
    2310       4.9217
    2311       4.9481
    2312       4.8536
    2313       4.9017
    2314       4.9021
    2315       4.9245
    2316       4.9624
    2317       4.9365
    2318       4.9705
    2319       5.0663
    2320       5.1883
    2321       5.2509
    2322       5.1353
    2323       5.2108
    2324       5.2226
    2325       5.2967
    2326       5.2749
    2327       5.2245
    2328       5.2465
    2329       5.2629
    2330       5.3386
    2331       5.3462
    2332       5.2713
    2333       5.3009
    2334       5.2792
    2335       5.1611
    2336       5.2669
    2337       5.2236
    2338       5.2763
    2339       5.3168
    2340       5.2113
    2341       5.2111
    2342       5.0662
    2343       5.1085
    2344       5.2057
    2345       5.1243
    2346       5.0870
    2347       5.1656
    2348       5.2045
    2349       5.4088
    2350       5.4867
    2351       5.5802
    2352       5.5904
    2353       5.4080
    2354       5.5770
    2355       5.5981
    2356       5.7850
    2357       5.7846
    2358       5.6635
    2359       5.6020
    2360       5.7236
    2361       5.7815
    2362       5.9195
    2363       5.8942
    2364       5.9358
    2365       5.9640
    2366       6.0626
    2367       6.0327
    2368       5.9260
    2369       5.7831
    2370       5.6381
    2371       5.5697
    2372       5.5064
    2373       5.5596
    2374       5.6029
    2375       5.6944
    2376       5.7280
    2377       5.6621
    2378       5.7012
    2379       5.6577
    2380       5.8613
    2381       5.7834
    2382       5.7228
    2383       5.6325
    2384       5.8555
    2385       5.9130
    2386       5.9112
    2387       6.0300
    2388       5.8870
    2389       5.6866
    2390       5.7516
    2391       5.7362
    2392       5.7828
    2393       5.7053
    2394       5.6616
    2395       5.6903
    2396       5.8003
    2397       5.7898
    2398       5.7264
    2399       5.7177
    2400       5.6559
    2401       5.7663
    2402       5.8414
    2403       5.9075
    2404       5.9987
    2405       6.1818
    2406       6.2765
    2407       6.3278
    2408       6.2975
    2409       6.2834
    2410       6.3082
    2411       6.2810
    2412       6.3705
    2413       6.3277
    2414       6.2256
    2415       6.2522
    2416       6.1485
    2417       6.1088
    2418       6.1242
    2419       6.1709
    2420       6.1068
    2421       6.1668
    2422       6.0304
    2423       6.1105
    2424       6.0436
    2425       6.0452
    2426       5.9970
    2427       5.7246
    2428       5.7727
    2429       5.6310
    2430       5.6105
    2431       5.5341
    2432       5.6017
    2433       5.7839
    2434       5.7472
    2435       5.7314
    2436       5.7533
    2437       5.8697
    2438       5.7773
    2439       5.7746
    2440       5.7107
    2441       5.7422
    2442       5.7370
    2443       5.7693
    2444       5.6833
    2445       5.6354
    2446       5.6524
    2447       5.7082
    2448       5.6645
    2449       5.7534
    2450       5.7075
    2451       5.6764
    2452       5.5732
    2453       5.5419
    2454       5.5215
    2455       5.5431
    2456       5.5851
    2457       5.6775
    2458       5.7420
    2459       5.6778
    2460       5.5614
    2461       5.5338
    2462       5.6737
    2463       5.5347
    2464       5.5271
    2465       5.5548
    2466       5.4737
    2467       5.3167
    2468       5.2951
    2469       5.1511
    2470       5.1070
    2471       5.0394
    2472       5.0554
    2473       5.1645
    2474       4.9385
    2475       4.9715
    2476       4.9817
    2477       5.1293
    2478       5.1351
    2479       5.0125
    2480       5.0506
    2481       4.9515
    2482       4.8870
    2483       4.8986
    2484       5.0244
    2485       5.1159
    2486       4.9579
    2487       4.9450
    2488       4.7902
    2489       4.7560
    2490       4.8042
    2491       4.7087
    2492       4.6767
    2493       4.7770
    2494       4.8790
    2495       4.8957
    2496       4.8750
    2497       4.8102
    2498       4.8102
    2499       4.8955
    2500       4.9104
    2501       4.9409
    2502       4.9403
    2503       4.9624
    2504       4.8512
    2505       4.8963
    2506       4.9765
    2507       5.0556
    2508       5.0133
    2509       4.9833
    2510       5.1064
    2511       5.1695
    2512       5.1165
    2513       5.0546
    2514       4.8784
    2515       4.9002
    2516       5.0229
    2517       4.9636
    2518       4.9972
    2519       4.9084
    2520       4.7965
    2521       4.7808
    2522       4.7632
    2523       4.6733
    2524       4.6293
    2525       4.6601
    2526       4.6859
    2527       4.6971
    2528       4.7248
    2529       4.7486
    2530       4.6349
    2531       4.6017
    2532       4.6602
    2533       4.7255
    2534       4.7357
    2535       4.8497
    2536       4.9030
    2537       4.8551
    2538       4.9727
    2539       4.8617
    2540       4.9000
    2541       4.8355
    2542       4.8288
    2543       4.7283
    2544       4.8986
    2545       4.8540
    2546       4.8056
    2547       4.8100
    2548       4.7712
    2549       4.6693
    2550       4.6770
    2551       4.6812
    2552       4.6607
    2553       4.7220
    2554       4.5994
    2555       4.6077
    2556       4.5268
    2557       4.4335
    2558       4.4549
    2559       4.4158
    2560       4.4166
    2561       4.4545
    2562       4.3702
    2563       4.4084
    2564       4.4478
    2565       4.3222
    2566       4.3014
    2567       4.3230
    2568       4.3468
    2569       4.3069
    2570       4.3151
    2571       4.3156
    2572       4.3914
    2573       4.3847
    2574       4.4096
    2575       4.3287
    2576       4.3384
    2577       4.3455
    2578       4.4567
    2579       4.4037
    2580       4.3919
    2581       4.5428
    2582       4.4830
    2583       4.5727
    2584       4.6505
    2585       4.6245
    2586       4.6494
    2587       4.6183
    2588       4.6654
    2589       4.6902
    2590       4.7385
    2591       4.7391
    2592       4.8308
    2593       4.8042
    2594       4.8175
    2595       4.8586
    2596       4.9256
    2597       4.7291
    2598       4.8543
    2599       4.8820
    2600       4.8395
    2601       4.7764
    2602       4.8763
    2603       4.8443
    2604       4.8840
    2605       4.7902
    2606       4.8062
    2607       4.7878
    2608       4.8712
    2609       4.8771
    2610       4.8556
    2611       4.8675
    2612       4.8788
    2613       4.7843
    2614       4.9097
    2615       4.9956
    2616       4.8663
    2617       4.9095
    2618       4.9173
    2619       4.8148
    2620       4.8075
    2621       4.8439
    2622       4.7590
    2623       4.7822
    2624       4.7891
    2625       4.7858
    2626       4.7808
    2627       4.6521
    2628       4.6992
    2629       4.6798
    2630       4.6545
    2631       4.6764
    2632       4.7562
    2633       4.8887
    2634       4.8010
    2635       4.8116
    2636       4.7304
    2637       4.8149
    2638       4.8039
    2639       4.8904
    2640       4.8407
    2641       4.8159
    2642       4.7461
    2643       4.7795
    2644       4.8319
    2645       4.8963
    2646       4.8950
    2647       4.8647
    2648       4.9448
    2649       4.9054
    2650       4.9672
    2651       4.9888
    2652       4.9416
    2653       4.9385
    2654       4.8422
    2655       4.9339
    2656       5.0166
    2657       4.9001
    2658       4.8709
    2659       5.0182
    2660       5.2147
    2661       5.1739
    2662       5.1949
    2663       5.1041
    2664       4.9827
    2665       4.9586
    2666       4.9767
    2667       4.9699
    2668       4.9522
    2669       5.0313
    2670       5.0170
    2671       5.0924
    2672       5.1028
    2673       5.0671
    2674       5.1684
    2675       5.2121
    2676       5.0243
    2677       5.1808
    2678       5.1849
    2679       5.1054
    2680       5.2119
    2681       5.1721
    2682       5.3105
    2683       5.2369
    2684       5.2338
    2685       5.1935
    2686       5.1643
    2687       5.0144
    2688       5.0281
    2689       5.1386
    2690       5.2556
    2691       5.2490
    2692       5.2512
    2693       5.2665
    2694       5.2670
    2695       5.2747
    2696       5.3882
    2697       5.3301
    2698       5.3441
    2699       5.2040
    2700       5.1992
    2701       5.0745
    2702       5.0710
    2703       5.0142
    2704       5.0350
    2705       4.9867
    2706       4.9973
    2707       5.0621
    2708       5.1144
    2709       5.1010
    2710       5.1108
    2711       5.1149
    2712       5.1897
    2713       5.2462
    2714       5.1916
    2715       5.1535
    2716       5.1126
    2717       5.0392
    2718       5.0088
    2719       4.8559
    2720       4.9158
    2721       4.9515
    2722       4.8946
    2723       4.8564
    2724       4.9330
    2725       4.8930
    2726       4.9428
    2727       5.0280
    2728       5.0306
    2729       5.1630
    2730       5.1150
    2731       5.1757
    2732       5.1687
    2733       5.3073
    2734       5.3733
    2735       5.3738
    2736       5.4293
    2737       5.4163
    2738       5.3697
    2739       5.2448
    2740       5.2630
    2741       5.1733
