#Frame     complexcut
       1       1.1032
       2       1.1280
       3       1.0979
       4       1.0992
       5       1.0922
       6       1.0922
       7       1.1094
       8       1.1013
       9       1.0997
      10       1.1012
      11       1.0903
      12       1.1066
      13       1.1059
      14       1.0936
      15       1.0940
      16       1.1067
      17       1.1028
      18       1.1005
      19       1.0900
      20       1.0965
      21       1.1088
      22       1.1013
      23       1.1060
      24       1.1019
      25       1.0950
      26       1.0993
      27       1.1022
      28       1.0873
      29       1.0832
      30       1.1069
      31       1.1010
      32       1.0905
      33       1.1090
      34       1.1017
      35       1.0920
      36       1.0976
      37       1.1056
      38       1.0938
      39       1.0866
      40       1.1030
      41       1.0965
      42       1.1130
      43       1.0991
      44       1.0923
      45       1.0893
      46       1.1035
      47       1.1016
      48       1.0960
      49       1.1066
      50       1.1033
      51       1.1020
      52       1.0968
      53       1.0989
      54       1.0887
      55       1.1027
      56       1.1016
      57       1.0911
      58       1.0922
      59       1.1020
      60       1.0886
      61       1.0998
      62       1.1026
      63       1.1023
      64       1.0889
      65       1.1042
      66       1.1018
      67       1.1083
      68       1.1069
      69       1.1071
      70       1.0952
      71       1.0990
      72       1.0921
      73       1.0933
      74       1.0882
      75       1.1040
      76       1.1118
      77       1.1055
      78       1.0950
      79       1.1011
      80       1.0848
      81       1.0971
      82       1.0935
      83       1.0994
      84       1.0972
      85       1.1049
      86       1.0978
      87       1.0947
      88       1.0993
      89       1.1021
      90       1.0942
      91       1.1004
      92       1.1005
      93       1.0926
      94       1.0955
      95       1.0938
      96       1.0959
      97       1.0986
      98       1.0964
      99       1.0908
     100       1.0938
     101       1.0865
     102       1.0962
     103       1.0441
     104       1.1997
     105       1.0845
     106       1.1687
     107       1.2024
     108       1.1309
     109       1.1368
     110       1.1734
     111       1.2379
     112       1.2777
     113       1.2740
     114       1.2782
     115       1.3438
     116       1.3300
     117       1.2606
     118       1.3705
     119       1.2772
     120       1.3791
     121       1.4314
     122       1.4138
     123       1.3506
     124       1.3678
     125       1.3043
     126       1.3371
     127       1.4004
     128       1.4017
     129       1.4497
     130       1.3987
     131       1.4388
     132       1.4431
     133       1.4890
     134       1.3703
     135       1.4263
     136       1.4950
     137       1.5028
     138       1.5307
     139       1.6196
     140       1.5887
     141       1.5124
     142       1.5713
     143       1.5590
     144       1.5545
     145       1.6765
     146       1.5881
     147       1.5707
     148       1.5348
     149       1.5603
     150       1.5440
     151       1.5537
     152       1.6188
     153       1.5954
     154       1.7072
     155       1.6889
     156       1.6870
     157       1.6663
     158       1.7127
     159       1.7346
     160       1.6241
     161       1.5890
     162       1.6361
     163       1.6123
     164       1.5788
     165       1.5252
     166       1.6581
     167       1.6027
     168       1.5678
     169       1.6117
     170       1.4787
     171       1.4391
     172       1.4877
     173       1.4774
     174       1.5518
     175       1.4954
     176       1.5499
     177       1.5503
     178       1.5656
     179       1.5250
     180       1.5155
     181       1.5410
     182       1.5811
     183       1.6114
     184       1.5939
     185       1.5487
     186       1.5818
     187       1.4883
     188       1.5093
     189       1.4406
     190       1.5563
     191       1.5848
     192       1.5349
     193       1.6097
     194       1.6155
     195       1.6462
     196       1.6375
     197       1.6831
     198       1.7499
     199       1.7965
     200       1.7434
     201       1.7208
     202       1.7087
     203       1.7608
     204       1.6879
     205       1.7311
     206       1.7064
     207       1.6018
     208       1.5954
     209       1.5905
     210       1.5807
     211       1.6652
     212       1.7165
     213       1.7606
     214       1.7225
     215       1.6675
     216       1.6389
     217       1.6769
     218       1.6363
     219       1.6417
     220       1.5937
     221       1.6150
     222       1.5789
     223       1.5864
     224       1.6278
     225       1.6126
     226       1.6208
     227       1.7093
     228       1.6793
     229       1.6795
     230       1.7080
     231       1.6850
     232       1.5948
     233       1.6020
     234       1.4923
     235       1.5099
     236       1.5643
     237       1.5904
     238       1.6305
     239       1.6137
     240       1.6743
     241       1.6582
     242       1.5682
     243       1.5585
     244       1.4961
     245       1.5463
     246       1.5605
     247       1.5884
     248       1.5677
     249       1.5580
     250       1.5251
     251       1.5303
     252       1.6269
     253       1.6053
     254       1.6123
     255       1.5785
     256       1.5725
     257       1.5656
     258       1.6468
     259       1.6226
     260       1.6052
     261       1.6159
     262       1.6361
     263       1.6288
     264       1.6691
     265       1.6474
     266       1.6675
     267       1.6494
     268       1.6112
     269       1.6170
     270       1.5851
     271       1.5358
     272       1.5273
     273       1.5547
     274       1.5544
     275       1.5407
     276       1.5469
     277       1.5471
     278       1.6069
     279       1.6094
     280       1.6705
     281       1.6397
     282       1.6624
     283       1.6194
     284       1.6047
     285       1.6179
     286       1.6615
     287       1.6325
     288       1.6238
     289       1.6324
     290       1.6363
     291       1.6831
     292       1.7153
     293       1.6637
     294       1.7149
     295       1.6822
     296       1.6377
     297       1.6841
     298       1.6716
     299       1.7514
     300       1.7694
     301       1.6979
     302       1.7458
     303       1.7183
     304       1.7151
     305       1.6817
     306       1.6801
     307       1.6865
     308       1.7213
     309       1.7718
     310       1.7610
     311       1.7447
     312       1.6834
     313       1.7063
     314       1.6161
     315       1.6455
     316       1.6403
     317       1.6319
     318       1.6390
     319       1.6742
     320       1.6905
     321       1.7460
     322       1.7300
     323       1.7719
     324       1.7614
     325       1.7462
     326       1.8087
     327       1.7180
     328       1.7437
     329       1.7808
     330       1.8149
     331       1.7986
     332       1.8537
     333       1.7985
     334       1.8579
     335       1.8731
     336       1.8228
     337       1.7965
     338       1.7505
     339       1.8693
     340       1.8492
     341       1.8711
     342       1.8917
     343       1.8528
     344       1.8702
     345       1.9002
     346       1.8215
     347       1.7388
     348       1.6915
     349       1.6845
     350       1.7712
     351       1.7966
     352       1.7713
     353       1.7497
     354       1.7906
     355       1.7935
     356       1.7831
     357       1.7956
     358       1.8367
     359       1.8198
     360       1.7838
     361       1.7919
     362       1.8091
     363       1.7261
     364       1.7123
     365       1.7155
     366       1.7885
     367       1.7314
     368       1.7212
     369       1.7602
     370       1.8674
     371       1.8423
     372       1.8353
     373       1.8718
     374       1.8541
     375       1.7496
     376       1.7742
     377       1.7489
     378       1.7200
     379       1.7267
     380       1.6664
     381       1.6247
     382       1.6637
     383       1.6380
     384       1.7100
     385       1.7746
     386       1.7484
     387       1.7786
     388       1.7623
     389       1.6873
     390       1.7674
     391       1.7825
     392       1.7401
     393       1.8001
     394       1.7388
     395       1.6901
     396       1.7545
     397       1.8023
     398       1.7848
     399       1.7934
     400       1.8599
     401       1.8798
     402       1.8943
     403       1.9323
     404       1.8597
     405       1.8321
     406       1.8455
     407       1.8226
     408       1.7380
     409       1.7585
     410       1.8264
     411       1.8059
     412       1.9120
     413       1.8999
     414       1.9221
     415       1.9005
     416       1.9618
     417       1.9208
     418       1.9691
     419       1.9661
     420       2.0440
     421       2.0118
     422       1.9344
     423       1.9346
     424       1.9549
     425       1.8590
     426       1.8725
     427       1.8441
     428       1.9230
     429       1.8383
     430       1.8449
     431       1.9573
     432       1.8676
     433       1.8746
     434       1.8186
     435       1.7992
     436       1.8072
     437       1.7976
     438       1.7644
     439       1.8276
     440       1.8157
     441       1.7726
     442       1.7991
     443       1.7974
     444       1.8596
     445       1.8179
     446       1.8161
     447       1.8465
     448       1.8870
     449       1.8253
     450       1.8603
     451       1.8613
     452       1.8584
     453       1.8104
     454       1.8190
     455       1.8624
     456       1.8749
     457       1.9404
     458       1.9042
     459       1.9230
     460       1.9893
     461       1.9015
     462       1.8744
     463       1.8333
     464       1.8043
     465       1.7399
     466       1.9132
     467       1.9497
     468       1.9191
     469       1.8781
     470       1.8994
     471       1.8527
     472       1.9262
     473       1.9046
     474       1.9145
     475       1.9488
     476       1.9569
     477       1.9848
     478       1.9431
     479       1.9565
     480       2.0359
     481       2.0394
     482       2.0051
     483       1.8845
     484       1.9199
     485       1.9215
     486       1.9296
     487       1.9665
     488       1.9443
     489       1.9747
     490       1.9640
     491       1.9847
     492       2.0672
     493       2.1167
     494       2.0252
     495       2.0613
     496       2.0884
     497       2.0919
     498       2.0045
     499       2.0681
     500       2.0729
     501       2.0728
     502       2.0618
     503       1.9519
     504       2.0964
     505       2.0492
     506       2.0366
     507       1.9228
     508       1.9182
     509       1.8945
     510       1.8886
     511       1.9387
     512       1.9794
     513       2.0197
     514       2.1834
     515       2.1491
     516       2.1814
     517       2.2148
     518       2.1028
     519       2.1635
     520       2.0778
     521       2.0144
     522       2.0248
     523       2.0235
     524       1.9688
     525       1.9848
     526       2.0671
     527       2.0614
     528       2.0496
     529       2.0767
     530       2.0965
     531       2.1306
     532       2.0391
     533       2.0703
     534       2.0562
     535       2.0489
     536       2.0155
     537       2.0531
     538       2.0874
     539       2.0363
     540       2.0718
     541       2.0998
     542       2.1261
     543       2.0374
     544       2.1326
     545       2.1070
     546       2.0308
     547       2.0462
     548       2.0042
     549       2.0098
     550       2.1013
     551       2.0278
     552       2.0253
     553       2.0401
     554       2.0107
     555       1.9519
     556       1.9678
     557       2.0206
     558       1.9809
     559       1.9036
     560       1.9681
     561       1.9728
     562       1.8878
     563       1.9417
     564       1.9136
     565       2.0502
     566       1.9636
     567       2.1234
     568       2.1117
     569       2.0883
     570       2.0997
     571       2.0299
     572       2.0047
     573       2.0262
     574       2.1351
     575       2.1543
     576       2.1825
     577       2.2047
     578       2.1797
     579       2.2186
     580       2.1856
     581       2.1474
     582       2.1369
     583       2.1391
     584       2.1302
     585       2.1121
     586       2.0508
     587       1.9889
     588       2.0120
     589       2.0042
     590       2.0784
     591       2.1671
     592       2.1737
     593       2.1334
     594       2.0906
     595       2.0825
     596       2.0629
     597       2.0541
     598       2.0125
     599       1.9963
     600       2.0185
     601       2.1126
     602       2.0188
     603       2.0597
     604       2.1114
     605       2.1154
     606       2.1567
     607       2.1597
     608       2.1335
     609       2.0119
     610       2.0739
     611       2.0207
     612       2.0234
     613       2.0308
     614       2.0056
     615       2.0265
     616       1.9217
     617       1.9643
     618       2.0452
     619       1.9240
     620       1.9408
     621       1.9995
     622       2.0237
     623       1.9897
     624       2.0268
     625       1.9987
     626       2.0739
     627       2.0492
     628       2.0611
     629       2.0792
     630       2.1280
     631       2.1447
     632       2.1793
     633       2.2202
     634       2.1161
     635       2.0989
     636       2.0317
     637       2.0907
     638       2.1359
     639       2.1052
     640       2.1162
     641       2.1670
     642       2.0928
     643       2.0835
     644       2.0534
     645       2.0243
     646       2.0573
     647       2.0366
     648       2.0413
     649       2.0006
     650       2.0024
     651       2.0103
     652       2.1464
     653       2.1516
     654       2.1699
     655       2.0734
     656       2.1017
     657       2.1277
     658       2.0978
     659       2.1270
     660       2.1720
     661       2.2007
     662       2.1513
     663       2.1511
     664       2.1178
     665       2.1245
     666       2.0465
     667       2.1711
     668       2.2569
     669       2.2003
     670       2.1558
     671       2.1098
     672       2.1504
     673       2.1775
     674       2.1954
     675       2.1630
     676       2.1595
     677       2.1772
     678       2.1928
     679       2.1893
     680       2.2662
     681       2.2292
     682       2.1115
     683       2.1239
     684       2.2773
     685       2.2945
     686       2.2194
     687       2.2560
     688       2.2687
     689       2.2912
     690       2.2174
     691       2.2708
     692       2.3077
     693       2.2378
     694       2.3023
     695       2.2608
     696       2.3577
     697       2.3663
     698       2.3268
     699       2.3549
     700       2.3031
     701       2.3193
     702       2.2714
     703       2.2536
     704       2.2170
     705       2.1696
     706       2.2005
     707       2.1785
     708       2.1733
     709       2.1771
     710       2.1388
     711       2.0830
     712       2.0239
     713       2.0393
     714       2.0830
     715       2.1152
     716       2.1622
     717       2.1518
     718       2.1458
     719       2.1471
     720       2.1316
     721       2.1967
     722       2.1292
     723       2.1471
     724       2.1435
     725       2.2094
     726       2.1558
     727       2.1014
     728       2.1964
     729       2.0897
     730       2.1068
     731       2.0642
     732       1.9945
     733       2.1064
     734       2.0337
     735       2.0790
     736       2.0247
     737       2.0514
     738       2.0418
     739       2.0573
     740       2.0428
     741       2.0610
     742       1.9998
     743       1.9447
     744       1.9728
     745       1.9930
     746       1.9151
     747       1.9266
     748       1.9219
     749       1.9079
     750       1.9364
     751       1.9459
     752       1.9737
     753       1.9275
     754       1.9063
     755       1.9186
     756       1.8582
     757       1.9267
     758       1.9027
     759       1.9224
     760       2.0078
     761       2.1005
     762       2.0652
     763       2.0780
     764       2.0146
     765       2.0033
     766       1.9929
     767       1.9602
     768       1.9823
     769       1.9937
     770       1.9670
     771       1.9839
     772       2.0103
     773       2.0585
     774       2.0019
     775       1.9964
     776       1.9099
     777       1.9248
     778       1.8803
     779       1.9115
     780       1.9585
     781       1.9759
     782       2.0118
     783       2.0410
     784       2.0661
     785       2.0475
     786       2.0442
     787       2.0620
     788       2.0296
     789       2.0915
     790       2.0676
     791       2.0941
     792       2.0769
     793       2.0457
     794       2.0249
     795       2.0456
     796       2.0416
     797       2.0020
     798       2.0936
     799       2.0422
     800       2.0484
     801       2.0031
     802       2.0202
     803       2.0525
     804       1.9764
     805       1.9454
     806       1.9180
     807       1.9451
     808       1.9177
     809       1.9841
     810       1.9398
     811       1.9283
     812       1.9606
     813       2.0439
     814       2.1004
     815       2.0503
     816       1.9858
     817       1.9690
     818       2.0075
     819       1.9919
     820       1.9954
     821       1.9476
     822       2.0491
     823       2.0258
     824       1.9622
     825       2.0033
     826       1.9980
     827       2.0821
     828       2.0951
     829       2.0913
     830       2.1691
     831       2.1939
     832       2.1681
     833       2.2039
     834       2.1702
     835       2.1269
     836       2.1616
     837       2.2025
     838       2.1721
     839       2.1380
     840       2.1466
     841       2.1557
     842       2.1281
     843       2.1670
     844       2.1872
     845       2.2356
     846       2.2311
     847       2.3403
     848       2.2988
     849       2.3131
     850       2.2958
     851       2.3268
     852       2.2927
     853       2.2807
     854       2.2421
     855       2.2707
     856       2.2498
     857       2.2136
     858       2.2109
     859       2.1328
     860       2.1125
     861       2.0571
     862       2.1473
     863       2.1513
     864       2.0612
     865       2.1065
     866       2.0582
     867       2.1192
     868       2.0912
     869       2.0370
     870       2.0411
     871       2.0130
     872       2.1275
     873       2.0972
     874       2.0289
     875       2.0372
     876       2.0471
     877       1.9994
     878       2.0517
     879       2.0176
     880       1.9748
     881       1.9559
     882       1.9201
     883       1.9173
     884       1.9359
     885       1.9516
     886       1.9552
     887       1.9293
     888       2.0200
     889       2.0448
     890       2.0296
     891       2.0790
     892       2.0045
     893       2.0128
     894       2.0163
     895       1.9280
     896       1.9213
     897       1.9573
     898       1.9654
     899       1.9319
     900       1.9601
     901       1.9739
     902       1.8985
     903       1.9773
     904       2.0866
     905       2.0909
     906       2.0810
     907       2.1002
     908       2.1270
     909       2.0453
     910       2.0517
     911       1.9366
     912       1.9288
     913       1.9587
     914       1.9793
     915       1.9774
     916       2.0441
     917       2.0331
     918       2.0646
     919       1.9787
     920       1.9506
     921       1.9363
     922       1.9411
     923       1.9835
     924       1.9651
     925       1.9800
     926       1.9789
     927       2.0584
     928       1.9903
     929       2.0320
     930       1.9857
     931       2.0332
     932       2.0715
     933       2.0561
     934       2.0040
     935       2.0559
     936       2.0164
     937       2.0739
     938       2.0035
     939       1.9852
     940       2.0005
     941       1.9694
     942       1.9891
     943       1.9960
     944       2.0002
     945       2.0117
     946       1.9766
     947       1.9862
     948       1.9757
     949       1.9724
     950       1.9948
     951       2.0364
     952       2.0516
     953       2.0766
     954       2.0442
     955       2.0142
     956       1.9111
     957       1.9497
     958       1.9398
     959       2.0396
     960       1.9985
     961       2.1028
     962       2.0906
     963       2.0822
     964       2.0530
     965       2.0483
     966       2.0196
     967       2.1591
     968       2.1270
     969       2.2244
     970       2.1677
     971       2.2464
     972       2.4010
     973       2.3296
     974       2.3795
     975       2.3475
     976       2.3244
     977       2.3294
     978       2.2976
     979       2.3102
     980       2.3329
     981       2.2204
     982       2.2882
     983       2.2821
     984       2.3518
     985       2.3668
     986       2.3936
     987       2.4065
     988       2.3690
     989       2.4583
     990       2.5018
     991       2.4406
     992       2.4475
     993       2.3901
     994       2.4513
     995       2.3638
     996       2.2776
     997       2.3363
     998       2.2781
     999       2.3230
    1000       2.3221
    1001       2.3565
    1002       2.2295
    1003       2.2670
    1004       2.2495
    1005       2.2863
    1006       2.2117
    1007       2.2422
    1008       2.3207
    1009       2.2663
    1010       2.1843
    1011       2.2345
    1012       2.2363
    1013       2.2867
    1014       2.3100
    1015       2.2640
    1016       2.2516
    1017       2.3009
    1018       2.3931
    1019       2.3723
    1020       2.3857
    1021       2.4095
    1022       2.4360
    1023       2.3951
    1024       2.3843
    1025       2.4055
    1026       2.3779
    1027       2.3920
    1028       2.4102
    1029       2.3837
    1030       2.4664
    1031       2.5615
    1032       2.5374
    1033       2.5560
    1034       2.4360
    1035       2.4991
    1036       2.5170
    1037       2.5754
    1038       2.5313
    1039       2.4734
    1040       2.5162
    1041       2.4813
    1042       2.3692
    1043       2.4254
    1044       2.4503
    1045       2.3785
    1046       2.3454
    1047       2.2951
    1048       2.4810
    1049       2.4981
    1050       2.5340
    1051       2.5223
    1052       2.3946
    1053       2.4191
    1054       2.3786
    1055       2.3337
    1056       2.4196
    1057       2.5552
    1058       2.5441
    1059       2.4313
    1060       2.4773
    1061       2.5679
    1062       2.4489
    1063       2.4345
    1064       2.4446
    1065       2.3847
    1066       2.3859
    1067       2.3808
    1068       2.4713
    1069       2.3030
    1070       2.3740
    1071       2.4285
    1072       2.3473
    1073       2.3087
    1074       2.4007
    1075       2.3329
    1076       2.4072
    1077       2.3620
    1078       2.3430
    1079       2.4107
    1080       2.4068
    1081       2.3169
    1082       2.3515
    1083       2.4286
    1084       2.4464
    1085       2.3478
    1086       2.4080
    1087       2.3540
    1088       2.4139
    1089       2.4729
    1090       2.5352
    1091       2.6386
    1092       2.6376
    1093       2.6550
    1094       2.6162
    1095       2.5761
    1096       2.6146
    1097       2.7163
    1098       2.7516
    1099       2.7154
    1100       2.6169
    1101       2.6659
    1102       2.5898
    1103       2.7405
    1104       2.7700
    1105       2.6449
    1106       2.7419
    1107       2.6527
    1108       2.6444
    1109       2.5944
    1110       2.6132
    1111       2.5844
    1112       2.7182
    1113       2.6549
    1114       2.5364
    1115       2.5523
    1116       2.6306
    1117       2.6276
    1118       2.6835
    1119       2.6649
    1120       2.6919
    1121       2.8367
    1122       2.8586
    1123       2.8884
    1124       2.8540
    1125       2.8593
    1126       2.8597
    1127       2.8513
    1128       2.8935
    1129       2.8137
    1130       2.8238
    1131       2.8195
    1132       2.8678
    1133       2.8464
    1134       2.7448
    1135       2.6523
    1136       2.6725
    1137       2.7594
    1138       2.7530
    1139       2.7122
    1140       2.7202
    1141       2.6677
    1142       2.7557
    1143       2.7716
    1144       2.7451
    1145       2.7515
    1146       2.7610
    1147       2.7327
    1148       2.8559
    1149       2.8666
    1150       2.9538
    1151       2.9365
    1152       3.0369
    1153       3.0327
    1154       3.0165
    1155       2.9736
    1156       3.0561
    1157       3.0410
    1158       3.0315
    1159       3.0230
    1160       3.0012
    1161       2.9411
    1162       2.9209
    1163       2.9805
    1164       2.9924
    1165       2.9870
    1166       2.9507
    1167       2.9359
    1168       2.9263
    1169       2.9366
    1170       2.9298
    1171       2.9711
    1172       2.9429
    1173       2.9972
    1174       3.0225
    1175       3.0778
    1176       3.0227
    1177       3.0407
    1178       3.0103
    1179       2.9439
    1180       2.9343
    1181       2.8547
    1182       2.8946
    1183       2.9205
    1184       3.0216
    1185       2.9870
    1186       3.0005
    1187       2.9581
    1188       2.8544
    1189       2.8312
    1190       2.8480
    1191       2.7944
    1192       2.8278
    1193       2.8652
    1194       2.8046
    1195       2.7399
    1196       2.6927
    1197       2.7456
    1198       2.7457
    1199       2.7122
    1200       2.7727
    1201       2.6874
    1202       2.6328
    1203       2.6716
    1204       2.7792
    1205       2.7286
    1206       2.6021
    1207       2.6729
    1208       2.7567
    1209       2.7987
    1210       2.8583
    1211       2.8804
    1212       2.8072
    1213       2.7984
    1214       2.8373
    1215       2.7771
    1216       2.8193
    1217       2.8800
    1218       2.8883
    1219       2.9349
    1220       2.8658
    1221       2.7446
    1222       2.7346
    1223       2.7960
    1224       2.7324
    1225       2.7791
    1226       2.6428
    1227       2.6011
    1228       2.5558
    1229       2.6506
    1230       2.7262
    1231       2.6579
    1232       2.6779
    1233       2.6339
    1234       2.6033
    1235       2.6538
    1236       2.6022
    1237       2.5231
    1238       2.5228
    1239       2.5842
    1240       2.5732
    1241       2.5172
    1242       2.5358
    1243       2.5767
    1244       2.6020
    1245       2.7318
    1246       2.6818
    1247       2.6765
    1248       2.6049
    1249       2.6301
    1250       2.6686
    1251       2.6355
    1252       2.6821
    1253       2.6472
    1254       2.8195
    1255       2.7317
    1256       2.6886
    1257       2.6372
    1258       2.6347
    1259       2.5685
    1260       2.6852
    1261       2.6401
    1262       2.6625
    1263       2.7631
    1264       2.7144
    1265       2.6253
    1266       2.6047
    1267       2.5874
    1268       2.6666
    1269       2.6275
    1270       2.6814
    1271       2.7115
    1272       2.6477
    1273       2.6856
    1274       2.6293
    1275       2.6577
    1276       2.6887
    1277       2.6167
    1278       2.6589
    1279       2.6045
    1280       2.6326
    1281       2.6309
    1282       2.5436
    1283       2.5826
    1284       2.6249
    1285       2.6119
    1286       2.5622
    1287       2.5241
    1288       2.5253
    1289       2.5430
    1290       2.5446
    1291       2.5492
    1292       2.5538
    1293       2.6068
    1294       2.5761
    1295       2.6278
    1296       2.6402
    1297       2.7274
    1298       2.7581
    1299       2.7358
    1300       2.8340
    1301       2.7237
    1302       2.6366
    1303       2.7039
    1304       2.7591
    1305       2.6466
    1306       2.7167
    1307       2.7307
    1308       2.7634
    1309       2.7389
    1310       2.8350
    1311       2.8264
    1312       2.8584
    1313       2.7718
    1314       2.7892
    1315       2.7817
    1316       2.7221
    1317       2.8063
    1318       2.8327
    1319       2.8525
    1320       2.7582
    1321       2.7336
    1322       2.6508
    1323       2.7977
    1324       2.8511
    1325       2.8183
    1326       2.7756
    1327       2.7835
    1328       2.7868
    1329       2.8246
    1330       2.9008
    1331       2.8164
    1332       2.7835
    1333       2.7285
    1334       2.7101
    1335       2.6691
    1336       2.6326
    1337       2.6316
    1338       2.6949
    1339       2.6840
    1340       2.6136
    1341       2.6731
    1342       2.6945
    1343       2.6767
    1344       2.7945
    1345       2.7902
    1346       2.7369
    1347       2.7392
    1348       2.8231
    1349       2.7997
    1350       2.8734
    1351       2.8584
    1352       2.7567
    1353       2.7540
    1354       2.7496
    1355       2.6364
    1356       2.6718
    1357       2.6891
    1358       2.6968
    1359       2.8319
    1360       2.7992
    1361       2.8349
    1362       2.8392
    1363       2.8687
    1364       2.8346
    1365       2.7093
    1366       2.5948
    1367       2.7079
    1368       2.7458
    1369       2.8849
    1370       2.8725
    1371       2.8190
    1372       2.7954
    1373       2.8695
    1374       2.8263
    1375       2.7497
    1376       2.6858
    1377       2.6793
    1378       2.6180
    1379       2.7080
    1380       2.6725
    1381       2.5716
    1382       2.6637
    1383       2.6178
    1384       2.7238
    1385       2.7640
    1386       2.7845
    1387       2.8580
    1388       2.8850
    1389       2.7421
    1390       2.7362
    1391       2.6232
    1392       2.6058
    1393       2.7123
    1394       2.7026
    1395       2.7196
    1396       2.5657
    1397       2.5653
    1398       2.5907
    1399       2.6209
    1400       2.6279
    1401       2.5292
    1402       2.5329
    1403       2.6183
    1404       2.5498
    1405       2.6475
    1406       2.6019
    1407       2.6101
    1408       2.5708
    1409       2.5894
    1410       2.6157
    1411       2.5809
    1412       2.5155
    1413       2.4510
    1414       2.4016
    1415       2.5378
    1416       2.6026
    1417       2.5795
    1418       2.6276
    1419       2.6079
    1420       2.6097
    1421       2.6006
    1422       2.5412
    1423       2.5759
    1424       2.4535
    1425       2.5236
    1426       2.5769
    1427       2.5584
    1428       2.5078
    1429       2.5127
    1430       2.5275
    1431       2.5100
    1432       2.5832
    1433       2.6553
    1434       2.6966
    1435       2.6622
    1436       2.7066
    1437       2.6541
    1438       2.5330
    1439       2.5483
    1440       2.4484
    1441       2.4890
    1442       2.4199
    1443       2.5049
    1444       2.5356
    1445       2.4694
    1446       2.4517
    1447       2.4692
    1448       2.4231
    1449       2.4745
    1450       2.4473
    1451       2.4306
    1452       2.3030
    1453       2.3552
    1454       2.4406
    1455       2.4047
    1456       2.4860
    1457       2.3925
    1458       2.3150
    1459       2.3102
    1460       2.3235
    1461       2.3674
    1462       2.3520
    1463       2.3977
    1464       2.5180
    1465       2.5087
    1466       2.5218
    1467       2.4827
    1468       2.4940
    1469       2.4280
    1470       2.4136
    1471       2.4185
    1472       2.4127
    1473       2.3746
    1474       2.4150
    1475       2.5024
    1476       2.4529
    1477       2.4425
    1478       2.4446
    1479       2.5384
    1480       2.5805
    1481       2.5596
    1482       2.6578
    1483       2.6437
    1484       2.6435
    1485       2.6975
    1486       2.6579
    1487       2.7231
    1488       2.7139
    1489       2.7608
    1490       2.7179
    1491       2.6927
    1492       2.6393
    1493       2.6378
    1494       2.6581
    1495       2.6930
    1496       2.5812
    1497       2.6587
    1498       2.6855
    1499       2.6144
    1500       2.6221
    1501       2.6317
    1502       2.6358
    1503       2.6163
    1504       2.6050
    1505       2.6165
    1506       2.5081
    1507       2.5868
    1508       2.5395
    1509       2.5640
    1510       2.5934
    1511       2.5765
    1512       2.5716
    1513       2.6219
    1514       2.6202
    1515       2.5051
    1516       2.5066
    1517       2.4884
    1518       2.4646
    1519       2.5107
    1520       2.4704
    1521       2.4802
    1522       2.4917
    1523       2.5378
    1524       2.4903
    1525       2.4835
    1526       2.5258
    1527       2.5315
    1528       2.4882
    1529       2.4984
    1530       2.4939
    1531       2.5519
    1532       2.5186
    1533       2.4949
    1534       2.5243
    1535       2.5466
    1536       2.6132
    1537       2.6502
    1538       2.6479
    1539       2.4876
    1540       2.4890
    1541       2.3882
    1542       2.4493
    1543       2.4413
    1544       2.4250
    1545       2.3534
    1546       2.3710
    1547       2.3596
    1548       2.3889
    1549       2.4113
    1550       2.4153
    1551       2.3810
    1552       2.4180
    1553       2.3295
    1554       2.4219
    1555       2.5273
    1556       2.5040
    1557       2.5270
    1558       2.3477
    1559       2.3734
    1560       2.3755
    1561       2.3769
    1562       2.3782
    1563       2.4244
    1564       2.4112
    1565       2.4600
    1566       2.3794
    1567       2.4094
    1568       2.4148
    1569       2.4420
    1570       2.5014
    1571       2.5774
    1572       2.5391
    1573       2.4462
    1574       2.5207
    1575       2.4214
    1576       2.5358
    1577       2.5458
    1578       2.5617
    1579       2.4926
    1580       2.4579
    1581       2.5099
    1582       2.5004
    1583       2.4683
    1584       2.5047
    1585       2.5040
    1586       2.4896
    1587       2.5118
    1588       2.4403
    1589       2.3611
    1590       2.3964
    1591       2.4047
    1592       2.3733
    1593       2.3972
    1594       2.3798
    1595       2.4446
    1596       2.4496
    1597       2.4632
    1598       2.4079
    1599       2.4083
    1600       2.4526
    1601       2.3922
    1602       2.3709
    1603       2.3069
    1604       2.3773
    1605       2.2985
    1606       2.3309
    1607       2.3190
    1608       2.3160
    1609       2.3621
    1610       2.3048
    1611       2.3084
    1612       2.3926
    1613       2.4022
    1614       2.3160
    1615       2.3422
    1616       2.2967
    1617       2.2344
    1618       2.2928
    1619       2.2371
    1620       2.2046
    1621       2.2431
    1622       2.3130
    1623       2.2461
    1624       2.2283
    1625       2.2194
    1626       2.2979
    1627       2.2893
    1628       2.2224
    1629       2.2343
    1630       2.2304
    1631       2.1394
    1632       2.1949
    1633       2.2082
    1634       2.1795
    1635       2.1848
    1636       2.2208
    1637       2.1534
    1638       2.1604
    1639       2.1979
    1640       2.2759
    1641       2.2554
    1642       2.1950
    1643       2.1440
    1644       2.0932
    1645       2.1657
    1646       2.2062
    1647       2.1644
    1648       2.0980
    1649       2.1442
    1650       2.1894
    1651       2.1850
    1652       2.1837
    1653       2.1984
    1654       2.2501
    1655       2.3056
    1656       2.3464
    1657       2.2703
    1658       2.4222
    1659       2.3664
    1660       2.3177
    1661       2.4098
    1662       2.3311
    1663       2.2942
    1664       2.3472
    1665       2.3330
    1666       2.3759
    1667       2.4087
    1668       2.4271
    1669       2.4176
    1670       2.4555
    1671       2.4710
    1672       2.4306
    1673       2.4027
    1674       2.3828
    1675       2.3554
    1676       2.4570
    1677       2.3647
    1678       2.3499
    1679       2.3875
    1680       2.3608
    1681       2.3577
    1682       2.4311
    1683       2.5019
    1684       2.4836
    1685       2.4101
    1686       2.4082
    1687       2.4513
    1688       2.3960
    1689       2.4108
    1690       2.4911
    1691       2.5242
    1692       2.4141
    1693       2.4065
    1694       2.4616
    1695       2.4015
    1696       2.4004
    1697       2.3620
    1698       2.3133
    1699       2.3493
    1700       2.2838
    1701       2.3276
    1702       2.3029
    1703       2.2950
    1704       2.2804
    1705       2.2251
    1706       2.1923
    1707       2.1738
    1708       2.1984
    1709       2.2375
    1710       2.1932
    1711       2.2499
    1712       2.1847
    1713       2.2139
    1714       2.2169
    1715       2.1824
    1716       2.2386
    1717       2.1971
    1718       2.2337
    1719       2.1761
    1720       2.2723
    1721       2.2434
    1722       2.2737
    1723       2.3421
    1724       2.3434
    1725       2.3440
    1726       2.3180
    1727       2.3376
    1728       2.3247
    1729       2.3596
    1730       2.3426
    1731       2.3648
    1732       2.3540
    1733       2.3242
    1734       2.2857
    1735       2.2152
    1736       2.2341
    1737       2.1649
    1738       2.1291
    1739       2.1781
    1740       2.1785
    1741       2.1967
    1742       2.1611
    1743       2.1654
    1744       2.2500
    1745       2.3349
    1746       2.4282
    1747       2.4072
    1748       2.3441
    1749       2.3772
    1750       2.3473
    1751       2.4186
    1752       2.4352
    1753       2.3950
    1754       2.4363
    1755       2.3562
    1756       2.3593
    1757       2.3631
    1758       2.4212
    1759       2.3301
    1760       2.3787
    1761       2.3726
    1762       2.4143
    1763       2.4295
    1764       2.4182
    1765       2.4822
    1766       2.4539
    1767       2.4718
    1768       2.5405
    1769       2.5789
    1770       2.5075
    1771       2.4334
    1772       2.4203
    1773       2.4295
    1774       2.4659
    1775       2.4732
    1776       2.6162
    1777       2.6544
    1778       2.6501
    1779       2.6071
    1780       2.6589
    1781       2.6415
    1782       2.7566
    1783       2.7325
    1784       2.7288
    1785       2.6256
    1786       2.7250
    1787       2.6686
    1788       2.5467
    1789       2.6386
    1790       2.7105
    1791       2.5598
    1792       2.5778
    1793       2.6719
    1794       2.7096
    1795       2.6280
    1796       2.5777
    1797       2.6384
    1798       2.6970
    1799       2.7056
    1800       2.6664
    1801       2.6607
    1802       2.6548
    1803       2.6485
    1804       2.6232
    1805       2.5844
    1806       2.6083
    1807       2.5449
    1808       2.5406
    1809       2.6054
    1810       2.5421
    1811       2.5775
    1812       2.5122
    1813       2.4808
    1814       2.5813
    1815       2.5489
    1816       2.6097
    1817       2.6031
    1818       2.5730
    1819       2.5721
    1820       2.4189
    1821       2.4265
    1822       2.3432
    1823       2.3684
    1824       2.3879
    1825       2.5350
    1826       2.4989
    1827       2.4876
    1828       2.5138
    1829       2.4424
    1830       2.4072
    1831       2.4429
    1832       2.3638
    1833       2.3680
    1834       2.4167
    1835       2.3694
    1836       2.3478
    1837       2.3824
    1838       2.3859
    1839       2.4508
    1840       2.4232
    1841       2.3170
    1842       2.3107
    1843       2.3585
    1844       2.3606
    1845       2.3733
    1846       2.3569
    1847       2.3309
    1848       2.3453
    1849       2.3542
    1850       2.3280
    1851       2.3961
    1852       2.4330
    1853       2.4380
    1854       2.4005
    1855       2.3937
    1856       2.3647
    1857       2.3442
    1858       2.4553
    1859       2.4014
    1860       2.3799
    1861       2.2993
    1862       2.3447
    1863       2.4113
    1864       2.3968
    1865       2.4116
    1866       2.4429
    1867       2.4430
    1868       2.5270
    1869       2.5639
    1870       2.4703
    1871       2.4100
    1872       2.3718
    1873       2.4602
    1874       2.4680
    1875       2.5758
    1876       2.5455
    1877       2.4719
    1878       2.4363
    1879       2.4346
    1880       2.3697
    1881       2.3402
    1882       2.2712
    1883       2.3174
    1884       2.3703
    1885       2.3965
    1886       2.3607
    1887       2.3863
    1888       2.2940
    1889       2.4636
    1890       2.3767
    1891       2.3055
    1892       2.3715
    1893       2.3423
    1894       2.3751
    1895       2.3168
    1896       2.2831
    1897       2.2330
    1898       2.2656
    1899       2.1955
    1900       2.1653
    1901       2.1590
    1902       2.1720
    1903       2.1446
    1904       2.2440
    1905       2.2251
    1906       2.1818
    1907       2.1001
    1908       2.2379
    1909       2.1836
    1910       2.1579
    1911       2.1499
    1912       2.1688
    1913       2.1725
    1914       2.1319
    1915       2.1250
    1916       2.2230
    1917       2.1459
    1918       2.1830
    1919       2.2544
    1920       2.1440
    1921       2.2135
    1922       2.1846
    1923       2.2269
    1924       2.1204
    1925       2.1115
    1926       2.1647
    1927       2.1525
    1928       2.1612
    1929       2.1299
    1930       2.2178
    1931       2.0965
    1932       2.0381
    1933       2.0764
    1934       2.0080
    1935       1.9321
    1936       1.8962
    1937       1.9568
    1938       1.9716
    1939       2.0276
    1940       2.0343
    1941       1.9636
    1942       1.9800
    1943       2.0067
    1944       1.9588
    1945       1.9508
    1946       1.9357
    1947       1.9896
    1948       2.0495
    1949       2.0261
    1950       2.0102
    1951       2.0787
    1952       2.0906
    1953       2.0857
    1954       2.0836
    1955       2.1476
    1956       2.0626
    1957       2.0262
    1958       2.0241
    1959       2.0136
    1960       2.0429
    1961       2.0892
    1962       2.0913
    1963       2.0982
    1964       2.1184
    1965       2.1008
    1966       2.0758
    1967       2.0971
    1968       2.1659
    1969       2.1381
    1970       2.1127
    1971       2.1771
    1972       2.1923
    1973       2.1146
    1974       2.0682
    1975       2.2052
    1976       2.1163
    1977       2.2267
    1978       2.1587
    1979       2.1491
    1980       2.2259
    1981       2.2314
    1982       2.2669
    1983       2.2300
    1984       2.3095
    1985       2.2939
    1986       2.2631
    1987       2.1440
    1988       2.1052
    1989       2.1251
    1990       2.0595
    1991       2.0679
    1992       2.1007
    1993       2.1345
    1994       2.0899
    1995       2.0762
    1996       2.0111
    1997       2.1008
    1998       2.0756
    1999       2.0705
    2000       2.0991
    2001       2.1355
    2002       2.0928
    2003       2.1319
    2004       2.2286
    2005       2.1411
    2006       2.1723
    2007       2.1692
    2008       2.1227
    2009       2.1381
    2010       2.1192
    2011       2.1196
    2012       2.1556
    2013       2.1764
    2014       2.1859
    2015       2.1866
    2016       2.2066
    2017       2.2399
    2018       2.1855
    2019       2.1767
    2020       2.2483
    2021       2.2184
    2022       2.1786
    2023       2.1938
    2024       2.2057
    2025       2.2401
    2026       2.2568
    2027       2.2404
    2028       2.2206
    2029       2.2363
    2030       2.2853
    2031       2.2043
    2032       2.1961
    2033       2.1463
    2034       2.3047
    2035       2.2478
    2036       2.3223
    2037       2.3685
    2038       2.2434
    2039       2.3328
    2040       2.3056
    2041       2.3097
    2042       2.3433
    2043       2.4161
    2044       2.3482
    2045       2.3725
    2046       2.3807
    2047       2.3185
    2048       2.3133
    2049       2.2841
    2050       2.2609
    2051       2.3072
    2052       2.3131
    2053       2.2309
    2054       2.2565
    2055       2.2212
    2056       2.2054
    2057       2.2118
    2058       2.2373
    2059       2.2303
    2060       2.2167
    2061       2.1761
    2062       2.2612
    2063       2.2310
    2064       2.1979
    2065       2.2317
    2066       2.2002
    2067       2.1731
    2068       2.1581
    2069       2.1369
    2070       2.1324
    2071       2.1206
    2072       2.2237
    2073       2.2101
    2074       2.2083
    2075       2.1622
    2076       2.1530
    2077       2.1894
    2078       2.2355
    2079       2.1997
    2080       2.1971
    2081       2.2139
    2082       2.2045
    2083       2.1944
    2084       2.2087
    2085       2.1337
    2086       2.2061
    2087       2.2195
    2088       2.1364
    2089       2.0785
    2090       2.1519
    2091       2.1528
    2092       2.2090
    2093       2.1714
    2094       2.2338
    2095       2.1862
    2096       2.2163
    2097       2.2206
    2098       2.1954
    2099       2.2253
    2100       2.3028
    2101       2.3305
    2102       2.3541
    2103       2.3236
    2104       2.3884
    2105       2.4002
    2106       2.3423
    2107       2.3408
    2108       2.2674
    2109       2.2645
    2110       2.2703
    2111       2.2645
    2112       2.2385
    2113       2.2346
    2114       2.2655
    2115       2.2497
    2116       2.2169
    2117       2.2925
    2118       2.2774
    2119       2.2962
    2120       2.2805
    2121       2.2478
    2122       2.2985
    2123       2.3427
    2124       2.4009
    2125       2.3316
    2126       2.4163
    2127       2.2626
    2128       2.2683
    2129       2.3183
    2130       2.3259
    2131       2.2970
    2132       2.2841
    2133       2.2717
    2134       2.2535
    2135       2.3283
    2136       2.3633
    2137       2.4507
    2138       2.3654
    2139       2.4142
    2140       2.4634
    2141       2.4134
    2142       2.4489
    2143       2.4735
    2144       2.4585
    2145       2.4371
    2146       2.4174
    2147       2.4390
    2148       2.4315
    2149       2.4681
    2150       2.3901
    2151       2.4213
    2152       2.5278
    2153       2.5103
    2154       2.4421
    2155       2.3543
    2156       2.4513
    2157       2.3903
    2158       2.3554
    2159       2.4297
    2160       2.4279
    2161       2.4861
    2162       2.5208
    2163       2.4718
    2164       2.4355
    2165       2.4291
    2166       2.4474
    2167       2.5615
    2168       2.5892
    2169       2.6748
    2170       2.5535
    2171       2.5177
    2172       2.5605
    2173       2.5856
    2174       2.5176
    2175       2.5583
    2176       2.5622
    2177       2.5156
    2178       2.5271
    2179       2.4718
    2180       2.5205
    2181       2.5279
    2182       2.4545
    2183       2.4556
    2184       2.4208
    2185       2.4853
    2186       2.5110
    2187       2.4628
    2188       2.4794
    2189       2.4942
    2190       2.5612
    2191       2.5920
    2192       2.5431
    2193       2.5094
    2194       2.5124
    2195       2.5441
    2196       2.4802
    2197       2.4971
    2198       2.5962
    2199       2.6600
    2200       2.6765
    2201       2.6278
    2202       2.5956
    2203       2.5695
    2204       2.6179
    2205       2.5538
    2206       2.5935
    2207       2.5201
    2208       2.6462
    2209       2.6060
    2210       2.5127
    2211       2.4563
    2212       2.4081
    2213       2.3683
    2214       2.3741
    2215       2.4459
    2216       2.4771
    2217       2.5137
    2218       2.4885
    2219       2.6336
    2220       2.4871
    2221       2.5523
    2222       2.5503
    2223       2.4028
    2224       2.3503
    2225       2.3288
    2226       2.3558
    2227       2.3041
    2228       2.2645
    2229       2.3331
    2230       2.2730
    2231       2.2535
    2232       2.2937
    2233       2.3152
    2234       2.2688
    2235       2.2537
    2236       2.3195
    2237       2.3579
    2238       2.2789
    2239       2.3493
    2240       2.3747
    2241       2.4287
    2242       2.3860
    2243       2.3910
    2244       2.4514
    2245       2.4092
    2246       2.4155
    2247       2.3764
    2248       2.5128
    2249       2.4381
    2250       2.4810
    2251       2.5672
    2252       2.5249
    2253       2.5359
    2254       2.4488
    2255       2.4787
    2256       2.3936
    2257       2.4720
    2258       2.4598
    2259       2.5238
    2260       2.4822
    2261       2.5312
    2262       2.5258
    2263       2.4566
    2264       2.4859
    2265       2.5159
    2266       2.4006
    2267       2.3960
    2268       2.3390
    2269       2.3136
    2270       2.3329
    2271       2.2742
    2272       2.2144
    2273       2.3045
    2274       2.2751
    2275       2.2632
    2276       2.3218
    2277       2.3237
    2278       2.3346
    2279       2.3802
    2280       2.3401
    2281       2.3495
    2282       2.3656
    2283       2.3372
    2284       2.3707
    2285       2.3089
    2286       2.3683
    2287       2.4081
    2288       2.3881
    2289       2.4396
    2290       2.4229
    2291       2.4483
    2292       2.4336
    2293       2.3463
    2294       2.3338
    2295       2.3300
    2296       2.3470
    2297       2.3187
    2298       2.3735
    2299       2.3767
    2300       2.2772
    2301       2.3029
    2302       2.2908
    2303       2.2345
    2304       2.2331
    2305       2.3084
    2306       2.3300
    2307       2.3906
    2308       2.3907
    2309       2.4123
    2310       2.4201
    2311       2.3993
    2312       2.4555
    2313       2.3636
    2314       2.4099
    2315       2.3746
    2316       2.4130
    2317       2.4794
    2318       2.3354
    2319       2.3757
    2320       2.4346
    2321       2.3595
    2322       2.3310
    2323       2.3346
    2324       2.3604
    2325       2.3664
    2326       2.3490
    2327       2.3244
    2328       2.3467
    2329       2.3594
    2330       2.2576
    2331       2.2400
    2332       2.2370
    2333       2.3227
    2334       2.2320
    2335       2.2223
    2336       2.2416
    2337       2.1881
    2338       2.1680
    2339       2.2335
    2340       2.2520
    2341       2.1922
    2342       2.2694
    2343       2.2774
    2344       2.2879
    2345       2.2424
    2346       2.2365
    2347       2.2417
    2348       2.2044
    2349       2.2767
    2350       2.2790
    2351       2.2591
    2352       2.2923
    2353       2.2270
    2354       2.2312
    2355       2.3191
    2356       2.2960
    2357       2.1922
    2358       2.2722
    2359       2.1961
    2360       2.2123
    2361       2.1817
    2362       2.2136
    2363       2.1914
    2364       2.2539
    2365       2.2519
    2366       2.2850
    2367       2.2561
    2368       2.2084
    2369       2.2484
    2370       2.1576
    2371       2.1425
    2372       2.2857
    2373       2.2477
    2374       2.2373
    2375       2.2035
    2376       2.1716
    2377       2.1420
    2378       2.2187
    2379       2.1806
    2380       2.2534
    2381       2.3007
    2382       2.3224
    2383       2.3353
    2384       2.3923
    2385       2.3841
    2386       2.3368
    2387       2.4469
    2388       2.3714
    2389       2.3248
    2390       2.2818
    2391       2.3227
    2392       2.3931
    2393       2.3290
    2394       2.3269
    2395       2.2813
    2396       2.3568
    2397       2.3384
    2398       2.3059
    2399       2.2465
    2400       2.3094
    2401       2.3503
    2402       2.3831
    2403       2.4322
    2404       2.4167
    2405       2.4399
    2406       2.4612
    2407       2.5078
    2408       2.4635
    2409       2.3332
    2410       2.3830
    2411       2.3749
    2412       2.4616
    2413       2.3651
    2414       2.4068
    2415       2.4252
    2416       2.3468
    2417       2.3558
    2418       2.3533
    2419       2.3346
    2420       2.2923
    2421       2.2780
    2422       2.3342
    2423       2.2124
    2424       2.2238
    2425       2.2455
    2426       2.2688
    2427       2.2218
    2428       2.1688
    2429       2.2334
    2430       2.1755
    2431       2.1640
    2432       2.2666
    2433       2.3292
    2434       2.3109
    2435       2.4062
    2436       2.4103
    2437       2.5278
    2438       2.4463
    2439       2.3770
    2440       2.3438
    2441       2.4009
    2442       2.3553
    2443       2.3008
    2444       2.2237
    2445       2.2231
    2446       2.2054
    2447       2.2651
    2448       2.2648
    2449       2.3370
    2450       2.2815
    2451       2.3692
    2452       2.3658
    2453       2.4353
    2454       2.3371
    2455       2.3315
    2456       2.2916
    2457       2.2415
    2458       2.3032
    2459       2.2309
    2460       2.2505
    2461       2.2073
    2462       2.2384
    2463       2.3254
    2464       2.3876
    2465       2.3686
    2466       2.2849
    2467       2.2911
    2468       2.2130
    2469       2.2328
    2470       2.2078
    2471       2.2481
    2472       2.2866
    2473       2.3510
    2474       2.2189
    2475       2.2846
    2476       2.2443
    2477       2.3289
    2478       2.2643
    2479       2.3549
    2480       2.3738
    2481       2.2370
    2482       2.2627
    2483       2.2434
    2484       2.2360
    2485       2.3796
    2486       2.3664
    2487       2.3660
    2488       2.2522
    2489       2.3473
    2490       2.3537
    2491       2.3354
    2492       2.2652
    2493       2.2395
    2494       2.3066
    2495       2.2863
    2496       2.3122
    2497       2.2434
    2498       2.2774
    2499       2.3124
    2500       2.3474
    2501       2.3550
    2502       2.3578
    2503       2.4106
    2504       2.3557
    2505       2.4113
    2506       2.4382
    2507       2.4614
    2508       2.3942
    2509       2.3343
    2510       2.3749
    2511       2.3806
    2512       2.3164
    2513       2.3029
    2514       2.3373
    2515       2.3251
    2516       2.4233
    2517       2.4065
    2518       2.4540
    2519       2.3914
    2520       2.2938
    2521       2.3869
    2522       2.3709
    2523       2.3385
    2524       2.3427
    2525       2.2827
    2526       2.3234
    2527       2.3079
    2528       2.3647
    2529       2.3470
    2530       2.3292
    2531       2.3596
    2532       2.3120
    2533       2.3483
    2534       2.2932
    2535       2.3864
    2536       2.3352
    2537       2.2685
    2538       2.3511
    2539       2.3337
    2540       2.3443
    2541       2.2967
    2542       2.3069
    2543       2.2749
    2544       2.3097
    2545       2.3157
    2546       2.3422
    2547       2.3397
    2548       2.2678
    2549       2.2549
    2550       2.2730
    2551       2.2465
    2552       2.2365
    2553       2.3143
    2554       2.2602
    2555       2.2213
    2556       2.2473
    2557       2.2774
    2558       2.2491
    2559       2.2720
    2560       2.3455
    2561       2.3114
    2562       2.3568
    2563       2.3618
    2564       2.4146
    2565       2.3607
    2566       2.3376
    2567       2.3241
    2568       2.4270
    2569       2.3781
    2570       2.3311
    2571       2.3231
    2572       2.3543
    2573       2.3560
    2574       2.4587
    2575       2.4088
    2576       2.4110
    2577       2.3712
    2578       2.3772
    2579       2.3696
    2580       2.3714
    2581       2.4070
    2582       2.4026
    2583       2.4574
    2584       2.4711
    2585       2.4481
    2586       2.3771
    2587       2.4044
    2588       2.4698
    2589       2.4966
    2590       2.5212
    2591       2.5426
    2592       2.6261
    2593       2.5945
    2594       2.5080
    2595       2.5200
    2596       2.5775
    2597       2.4691
    2598       2.4354
    2599       2.4361
    2600       2.4393
    2601       2.3575
    2602       2.4035
    2603       2.4000
    2604       2.3483
    2605       2.3521
    2606       2.3969
    2607       2.4100
    2608       2.3816
    2609       2.3719
    2610       2.3737
    2611       2.3556
    2612       2.2905
    2613       2.2590
    2614       2.3317
    2615       2.3857
    2616       2.3439
    2617       2.3916
    2618       2.2935
    2619       2.2863
    2620       2.3239
    2621       2.3230
    2622       2.3060
    2623       2.2138
    2624       2.2325
    2625       2.2202
    2626       2.2689
    2627       2.2129
    2628       2.2133
    2629       2.1567
    2630       2.1516
    2631       2.1810
    2632       2.1430
    2633       2.2269
    2634       2.1984
    2635       2.2718
    2636       2.3081
    2637       2.3300
    2638       2.4063
    2639       2.3392
    2640       2.3088
    2641       2.3796
    2642       2.3863
    2643       2.3918
    2644       2.3491
    2645       2.3435
    2646       2.4195
    2647       2.3423
    2648       2.3575
    2649       2.3151
    2650       2.3921
    2651       2.3668
    2652       2.3939
    2653       2.3086
    2654       2.2760
    2655       2.3403
    2656       2.3003
    2657       2.2511
    2658       2.2734
    2659       2.3184
    2660       2.3504
    2661       2.3646
    2662       2.3069
    2663       2.2789
    2664       2.2278
    2665       2.2066
    2666       2.2781
    2667       2.2933
    2668       2.2946
    2669       2.2976
    2670       2.3353
    2671       2.2586
    2672       2.4456
    2673       2.2920
    2674       2.3445
    2675       2.4035
    2676       2.3117
    2677       2.3546
    2678       2.3014
    2679       2.2197
    2680       2.2286
    2681       2.2190
    2682       2.1823
    2683       2.1865
    2684       2.1789
    2685       2.1897
    2686       2.2478
    2687       2.2118
    2688       2.2132
    2689       2.2433
    2690       2.1922
    2691       2.1862
    2692       2.1474
    2693       2.2020
    2694       2.2622
    2695       2.1891
    2696       2.2263
    2697       2.2464
    2698       2.2341
    2699       2.2099
    2700       2.1828
    2701       2.1587
    2702       2.1399
    2703       2.0793
    2704       2.1768
    2705       2.0998
    2706       2.1244
    2707       2.1316
    2708       2.0389
    2709       2.1000
    2710       2.0913
    2711       2.1269
    2712       2.1400
    2713       2.0947
    2714       2.0760
    2715       2.1455
    2716       2.2152
    2717       2.1762
    2718       2.1644
    2719       2.1549
    2720       2.1793
    2721       2.1032
    2722       2.0996
    2723       2.1435
    2724       2.0853
    2725       2.1099
    2726       2.1292
    2727       2.1320
    2728       2.1263
    2729       2.0715
    2730       2.1596
    2731       2.1477
    2732       2.2144
    2733       2.1396
    2734       2.0665
    2735       2.0813
    2736       2.0749
    2737       2.1237
    2738       2.1106
    2739       2.1322
    2740       2.1584
    2741       2.1486
