#Res        AtomicFlx
   1.000      21.8180
   2.000      19.9179
   3.000      17.7382
   4.000      15.3320
   5.000      13.3666
   6.000      11.0967
   7.000       9.0935
   8.000       7.5000
   9.000       6.1106
  10.000       5.1019
  11.000       4.3417
  12.000       3.6280
  13.000       3.2924
  14.000       3.1518
  15.000       2.9987
  16.000       1.9655
  17.000       1.3358
  18.000       1.2707
  19.000       1.1873
  20.000       1.0248
  21.000       1.0169
  22.000       0.8929
  23.000       0.8902
  24.000       0.8151
  25.000       0.9245
  26.000       0.9386
  27.000       1.0212
  28.000       1.1973
  29.000       1.4297
  30.000       1.7696
  31.000       1.8398
  32.000       1.5855
  33.000       1.6993
  34.000       1.9650
  35.000       1.8904
  36.000       1.8120
  37.000       1.6537
  38.000       1.5631
  39.000       1.3577
  40.000       1.2535
  41.000       1.2688
  42.000       1.3925
  43.000       1.5016
  44.000       1.5485
  45.000       1.5847
  46.000       1.7751
  47.000       1.7230
  48.000       1.5088
  49.000       1.4513
  50.000       1.3199
  51.000       1.3232
  52.000       1.2952
  53.000       1.3262
  54.000       1.6942
  55.000       2.3492
  56.000       3.3185
  57.000       4.0323
  58.000       4.3989
  59.000       4.5369
  60.000       3.5676
  61.000       2.4167
  62.000       1.5812
  63.000       1.4543
  64.000       1.3712
  65.000       1.4080
  66.000       1.3884
  67.000       1.4056
  68.000       1.3302
  69.000       1.2655
  70.000       1.1633
  71.000       1.1600
  72.000       1.0433
  73.000       1.1049
  74.000       1.1941
  75.000       1.3901
  76.000       1.1500
  77.000       0.9670
  78.000       0.7983
  79.000       0.9031
  80.000       0.9999
  81.000       0.8688
  82.000       0.8302
  83.000       1.0359
  84.000       1.0976
  85.000       0.9380
  86.000       0.8237
  87.000       0.9736
  88.000       1.1083
  89.000       0.9754
  90.000       0.9377
  91.000       1.0805
  92.000       1.0874
  93.000       0.9921
  94.000       1.0694
  95.000       1.2641
  96.000       1.3511
  97.000       1.0951
  98.000       1.0217
  99.000       0.8411
 100.000       0.7848
 101.000       0.6376
 102.000       0.6321
 103.000       0.5366
 104.000       0.5886
 105.000       0.5378
 106.000       0.5686
 107.000       0.6329
 108.000       0.6962
 109.000       0.6251
 110.000       0.5449
 111.000       0.4265
 112.000       0.4279
 113.000       0.5331
 114.000       0.5069
 115.000       0.4631
 116.000       0.5028
 117.000       0.6372
 118.000       0.8160
 119.000       1.0642
 120.000       1.2550
 121.000       1.5771
 122.000       1.9426
 123.000       1.8517
 124.000       1.7708
 125.000       1.4213
 126.000       1.2280
 127.000       1.0187
 128.000       0.9912
 129.000       1.0807
 130.000       0.9478
 131.000       0.9388
 132.000       0.7817
 133.000       0.6480
 134.000       0.5329
 135.000       0.5011
 136.000       0.4719
 137.000       0.5417
 138.000       0.5972
 139.000       0.5839
 140.000       0.6353
 141.000       0.6797
 142.000       0.7132
 143.000       0.7657
 144.000       0.8803
 145.000       0.9316
 146.000       1.0224
 147.000       1.2352
 148.000       1.5700
 149.000       2.0373
 150.000       1.8254
 151.000       1.7736
 152.000       1.4177
 153.000       1.2600
 154.000       1.0594
 155.000       0.9867
 156.000       0.8788
 157.000       0.8807
 158.000       0.7838
 159.000       0.7846
 160.000       0.7824
 161.000       0.7937
 162.000       0.8441
 163.000       0.8170
 164.000       0.8834
 165.000       0.9643
 166.000       1.0880
 167.000       1.0863
 168.000       1.1480
 169.000       1.0379
 170.000       1.2504
 171.000       1.1014
 172.000       1.1292
 173.000       1.0226
 174.000       1.6316
 175.000       1.8418
 176.000       1.2909
 177.000       1.5449
 178.000       1.5854
 179.000       1.8063
 180.000       1.6079
 181.000       1.5608
 182.000       1.4627
 183.000       1.5546
 184.000       1.5986
 185.000       1.7316
 186.000       1.9296
 187.000       2.0728
 188.000       2.4643
 189.000       2.4939
 190.000       2.2039
 191.000       2.1954
 192.000       1.9169
 193.000       1.8455
 194.000       1.6348
 195.000       1.6390
 196.000       1.5691
 197.000       1.6349
 198.000       1.7410
 199.000       1.7754
 200.000       1.7946
 201.000       1.3756
 202.000       1.0065
 203.000       1.0764
 204.000       0.9993
 205.000       1.2825
 206.000       1.1566
 207.000       1.0963
 208.000       1.1801
 209.000       1.0200
 210.000       0.9484
 211.000       0.9444
 212.000       0.9704
 213.000       0.9309
 214.000       0.8665
 215.000       0.9670
 216.000       1.0563
 217.000       0.9820
 218.000       1.0042
 219.000       1.1379
 220.000       1.0965
 221.000       1.0203
 222.000       1.1087
 223.000       1.1809
 224.000       1.1356
 225.000       1.1561
 226.000       1.2578
 227.000       1.2861
 228.000       1.2291
 229.000       1.3570
 230.000       1.1346
 231.000       0.8725
 232.000       0.7623
 233.000       0.6744
 234.000       0.7612
 235.000       0.6260
 236.000       0.6877
 237.000       0.5881
 238.000       0.6810
 239.000       0.5829
 240.000       0.6698
 241.000       0.7078
 242.000       0.8367
 243.000       0.9044
 244.000       1.0417
 245.000       1.1458
 246.000       1.3486
 247.000       1.5967
 248.000       2.2763
 249.000       2.7467
 250.000       3.4648
 251.000       3.3654
 252.000       2.7738
 253.000       2.3819
 254.000       2.1525
 255.000       1.6383
 256.000       1.4321
 257.000       1.2156
 258.000       1.2166
 259.000       0.9921
 260.000       0.8723
 261.000       0.7426
 262.000       0.6368
 263.000       0.5249
 264.000       0.4968
 265.000       0.4306
 266.000       0.4813
 267.000       0.5445
 268.000       0.5511
 269.000       0.7047
 270.000       0.7531
 271.000       1.2207
 272.000       1.5660
 273.000       2.0007
 274.000       2.6750
 275.000       3.8129
 276.000       4.4352
 277.000       4.5069
 278.000       4.1493
 279.000       3.3627
 280.000       3.0685
 281.000       2.8129
 282.000       2.8103
 283.000       1.7084
 284.000       1.5101
 285.000       1.7067
 286.000       1.5817
 287.000       1.3652
 288.000       1.3235
 289.000       0.9450
 290.000       0.9300
 291.000       0.9061
 292.000       0.8891
 293.000       0.9907
 294.000       1.0265
 295.000       0.9819
 296.000       1.0639
 297.000       1.1979
 298.000       1.2076
 299.000       1.2218
 300.000       1.3736
 301.000       1.5298
 302.000       1.5464
 303.000       1.6727
 304.000       1.8958
 305.000       1.9882
 306.000       1.9602
 307.000       2.2169
 308.000       1.8114
 309.000       1.5126
 310.000       1.3555
 311.000       1.2724
 312.000       1.3608
 313.000       1.2606
 314.000       1.1457
 315.000       1.0712
 316.000       0.9698
 317.000       1.0930
 318.000       1.2241
 319.000       1.1492
 320.000       1.1016
 321.000       1.2484
 322.000       1.2137
 323.000       1.1136
 324.000       1.2228
 325.000       1.4376
 326.000       1.4016
 327.000       1.3631
 328.000       1.1902
 329.000       1.0481
 330.000       0.9905
 331.000       0.8279
 332.000       0.7968
 333.000       0.6955
 334.000       0.7321
 335.000       0.6546
 336.000       0.7741
 337.000       0.9352
 338.000       1.1026
 339.000       1.0882
 340.000       1.1627
 341.000       1.1176
 342.000       0.9417
 343.000       0.9790
 344.000       0.9361
 345.000       0.8046
 346.000       0.8645
 347.000       0.9948
 348.000       0.9308
 349.000       0.8596
 350.000       1.0432
 351.000       1.1437
 352.000       1.0473
 353.000       1.0740
 354.000       1.3388
 355.000       1.3794
 356.000       1.2172
 357.000       1.2257
 358.000       1.3510
 359.000       1.2840
 360.000       1.4978
 361.000       1.5043
 362.000       1.5347
 363.000       1.6752
 364.000       1.7362
 365.000       2.2202
 366.000       2.3667
 367.000       3.4998
 368.000       3.6834
