Using WEST data from '/ix/lchong/dty7/eg5/h2p-we/multi-mab_wmon_v00/west.h5'
# successful (recycled) segments
# column 0:    iteration
# column 1:    seg_id
# column 2:    weight
# column>2:    final progress coordinate value
     222         286     1.4618567129377e-51           14.0755          -16.9352          6.703903          6.703903
     223         293     7.3092835646886e-52          13.07169          -15.3693          6.065796          6.237999
     223         294     7.3092835646886e-52          13.10519        -0.1178055            6.1035          6.648994
     226           4     1.8273208911721e-52          15.97311         -4.043396          6.248802          6.881302
     226           7     1.6242852365975e-52          14.37341          -47.4808            6.1408          6.808105
     226         288     9.1366044558607e-53           14.7682          -27.3842          6.663902          6.663902
     226         307     2.2841511139652e-53           18.0334          3.072205          6.115402          6.115402
     227           6     2.2841511139652e-53           16.8577          -13.0042            6.1931          6.734398
     228         294     7.6138370465506e-54           18.1159          -70.5071          6.135399          6.135399
     228         296     7.6138370465506e-54           18.6881          -23.5975          6.393898          7.192696
     228         303     2.2841511139652e-53          15.85371          3.927902             6.584          6.763802
     229           4     9.1366044558607e-53           19.6341         -3.097099          6.247803          6.247803
     229         260     1.1420755569826e-53           18.0492          -25.8463          6.351402          6.351402
     230         159     2.5670263097919e-53           15.4002          -25.9491          6.033401          6.179703
     230         162     1.4249507528093e-53           17.2617          -14.7188          6.535004          7.817497
     230         276     2.1413916693424e-54           14.1119            -5.069          6.949699          6.949699
     230         280     6.2258980016065e-54           13.8306         -2.284996          6.151001          6.151001
     231          14     3.5623768820232e-54          15.46249          6.341995          7.462196          7.745399
     231          15     3.5623768820232e-54           15.1823          3.106598          6.745399          7.020996
     232           7     7.1247537640465e-54           16.8981         -9.016098            6.4804          7.132401
     232           8     8.9059422050581e-55           18.1902          -16.6348          6.669502          7.862602
     232         253     2.3793240770471e-54          14.42171          -31.7828          6.015297          6.015297
     232         255     9.5172963081883e-54          15.13969         -8.976097            6.0495            6.0495
     232         269     2.5758661596615e-53          14.10519         -9.901299          6.231499          6.231499
     232         283     3.5788999658916e-54           16.6098          -18.2546          7.652702          7.652702
     232         287     8.9059422050581e-55          13.93719         0.7088013          6.131203          6.976601
     233           5     3.5623768820232e-54           14.5707         -6.345596            6.5317          7.247299
     233         261     5.9417009590703e-54           12.3121         -2.333496          6.214401          6.272804
     234           6     3.5623768820232e-54          17.22859         -5.903404          7.037895          7.427399
     234           9     5.5662138781613e-56          17.00679          5.012299          6.661499          6.661499
     234         307     1.9827700642059e-56           17.2368          -53.8745          6.002098          6.002098
     235           6      8.556754365973e-54           14.8382            6.3311          6.381401          6.381401
     235          14     1.1132427756323e-55           15.3778          5.897903          6.892403          6.892403
     235         296     8.9472499147291e-55          14.27171         -60.64849          6.007805          6.007805
     235         300     4.9569251605147e-57          16.90791          -52.1999          6.235207          6.235207
     235         301     4.9569251605147e-57          17.27731          -44.0377          6.323502          6.323502
     235         302     4.9569251605147e-57           18.6498           -43.864          6.056007          6.056007
     238          16     1.1140689298257e-54           14.4648          9.956207          6.160004          6.160004
     238         201     2.1743022961568e-58           17.0788          3.985809          6.191101          6.191101
     239         220     6.5229068884703e-58           16.8174            1.0979          6.224304          6.224304
     239         322     6.4941313355094e-55          16.91971          -31.0267            6.1241            6.1241
     239         340     6.4691002461993e-55           13.8811        -0.6355896          7.255096          7.303604
     240          15     1.6172750615498e-55            16.298         -4.452805          6.465805              6.75
     240          19     1.6307267221176e-58          18.96581         -9.917496          7.759903          7.759903
     240         219     6.6150424440254e-56           19.5683         -12.69279          7.396805          7.396805
     240         331     6.7385711417828e-56          17.33301         -2.500595          6.246201          6.246201
     240         333     6.7385711417828e-56           20.9073         -24.04929          8.319199          8.319199
     241          11     1.4375618435803e-54           20.1396           -19.778            6.3871            6.3871
     241          16     8.1536336105879e-59           17.8441          -13.2192          8.199402          8.199402
     241         219     1.6537606110064e-56           19.9223          8.906006          6.181793          6.764297
     241         320     1.6235330466055e-55           16.6481           -26.147          6.198898          6.198898
     241         335     1.6235328338774e-55           16.8465          -29.6941          6.162903          6.226501
     241         336     1.6235328338774e-55           16.1424         -2.511902          6.972992          6.972992
     241         338     1.6235328338774e-55          15.31239          -25.4606          6.056793          6.056793
     241         342     3.5939046089508e-55          21.42149          1.318802          6.434998           10.0632
     242          14     1.5086636950484e-56           18.5741          4.496201          6.905106          6.905106
     242         198     4.1344015275159e-57          17.50439          1.186996            6.6436            6.6436
     242         306     4.0588320846934e-56          17.22461          3.276108          6.762405          6.762405
     242         308     8.1061141054456e-56            16.089         -9.255203          6.290604          6.290604
     242         320     4.0588326165138e-56          14.42441         -6.964005          6.359695          6.359695
     243         326     3.3238773379201e-64          35.99449           -21.606          6.636993          8.839203
     243         331     1.9820760245623e-55           24.2368         -38.41631          7.800293          7.800293
     243         332     1.9820760245623e-55          24.00909         -19.37981            7.7686            7.7686
     243         333     1.9820760245623e-55           22.0939         -15.80421           7.24939           7.24939
     244          13     1.1314977712863e-56          19.34241          4.758698          7.128204          8.540695
     245           8     2.5193522298841e-55           23.0849        -0.7919006          8.860107          8.860107
     245          11     5.0387044564443e-55          22.14909         -2.390198          7.497299          9.183899
     245          13     2.5840009546974e-58          19.77991          5.218307          6.354904          8.451797
     245          19     6.0927078895317e-57           20.0345          4.440094          7.327606            8.0504
     245         304     9.6967576007946e-53          15.88051          -26.7125            6.2621            6.2621
     245         305     9.6967576007946e-53          14.08971          -12.4806          6.519806          6.519806
     246          15     4.0300593330908e-57           18.7119          3.720993          6.349197          7.812988
     246          16     2.5567773542619e-57          25.04179          7.558197          9.373291          9.373291
     246         198     4.8495526254006e-53          13.75209         -2.455902          6.108994          6.108994
     247         334     1.2120947000993e-53          14.26279          3.625793          6.599289          6.599289
     248          12     3.0302367502483e-54          14.14439         -5.595207          6.253799          6.253799
     248          19     1.2120947000993e-53           14.4718         -7.312706          6.334396          6.334396
     248         214     3.8079424309573e-58           17.7784         -9.371704          6.110001          6.338501
     248         291     2.4241894001988e-53           13.9221          -14.5556          6.609894          6.609894
     249         311     6.4655206357949e-53           14.6012         -2.999199            6.1315            6.1315
     249         322     1.5151183751242e-54           15.4724         -4.771698          7.867401          7.867401
     249         323     1.5151183751242e-54           15.0945          -36.2504          6.031403          6.031403
     251           9     2.5588665890986e-53           19.4712          -25.8944          7.064507          7.488701
     251          16     4.0409503973718e-54          17.07371          6.371803          6.510002          7.819206
     251         215     5.9499100483708e-60           17.2539          9.847404          6.444405          6.444405
     251         318     6.7366163216976e-54          15.78429          5.458702          6.300697          6.300697
     252           4     6.3971664727466e-54          23.24809         -16.75021          7.207199          9.056396
     252           5     6.3971664727466e-54          19.28259           -7.3367            8.2724          9.343292
     252          10     1.0102375993429e-54           14.7795          2.859894          6.011002          6.030197
     252         317     6.3971664727466e-54          19.22679         -43.23631          7.600998          7.600998
     253           4     4.7148787782734e-54          16.92839         -15.87931          6.324493          6.324493
     253           6     4.2647776484977e-54           21.5882          -35.0647          6.833191             8.319
     253           7     8.5295552969954e-54          19.32889          -14.1123          7.574295          8.058594
     253           9      4.210385201061e-55           17.8163          2.050888          6.094391          6.094391
     253          15     3.7921554182098e-54          15.07249          -4.66391          6.071487          7.697495
     253         218     2.4621888142055e-54          12.69209          4.703888           6.03009          6.708694
     253         318     5.0511879967147e-55          14.74039          5.510788          6.966599          7.618393
     254          11     3.7921554182098e-54          16.95561         -16.37769          6.658905          6.946609
     254         331     9.2967344505793e-62           20.4588         -2.614197          6.587906          6.587906
     255         220     1.5388680088784e-55          13.99519            5.1436          6.011505          6.011505
     255         324     1.5784962489734e-56           16.6123           -4.9086          6.448807          6.448807
     256         305     9.9955726136665e-56           18.3387          -49.9686          6.077698          6.077698
     256         324     4.9977863068332e-56           18.9688           -40.337          6.272202          6.272202
     257         228     9.8656015560835e-58           15.8587          -3.32579          6.151611          6.151611
     257         317     3.9982290454666e-55           19.8363          -17.4332          7.756699          8.721207
     257         323     1.5388680088784e-55          14.27861         -36.75169          6.003601          6.003601
     258         297     9.9955726136665e-56            22.015          -70.2214            6.3172            6.3172
     258         328     7.6943400443922e-56           15.1812         -6.207001          6.719208          6.719208
     258         329     7.6943400443922e-56           14.8253          -5.63179          6.563705          6.563705
     258         330     7.6943400443922e-56           14.1962         -17.20239          7.689011          7.689011
     259          19      5.051217746265e-55            15.556          5.450302          8.255798          8.400803
     259         318       7.69435867475e-56           15.1942          9.247299          7.429901          7.429901
     259         327     5.4142684990694e-56           23.1223          -41.0217          7.098007          8.144104
     259         330     5.4142684990694e-56           22.1617          -44.3038            6.0867            6.0867
     260           9     2.5590236464153e-55          21.43959          -35.3162           6.05809          6.380402
     260         311     4.4424767171851e-56          23.48689         -76.16061          6.565094            7.0457
     260         312     5.4142684990694e-56          23.33549          -60.5344          6.123993          6.123993
     261          10     2.0792885109772e-55          15.96719          -15.8488          6.398788           9.10379
     261          18     4.3916028051272e-55          17.31219          7.102493          8.452591          8.452591
     262          19      5.051217746265e-55           18.4462          4.048096          6.557999          6.557999
     262         319      6.003340019026e-56          13.91159           -24.054          6.109497          7.529099
     263         340     8.4597945297959e-58           27.5352          -49.4547          6.754013          6.754013
     264          15      9.544147344586e-56           29.3046          -46.7296            7.4673          8.310699
     264          23     1.3339645336927e-55          17.82741       -0.00579834          7.234802          7.234802
     264         323      2.114948632449e-58            28.125          -45.0634            6.9776            6.9776
     264         325      2.114948632449e-58           31.1093          -43.0869          6.497696          6.497696
     264         326      2.114948632449e-58           28.5144          -35.9233          8.201904          8.201904
     265          12     6.3417318002179e-56           16.6208         -7.674286          6.665802          8.541702
     265          22     2.5256088731325e-55          21.24251          9.866104          9.245514          9.921204
     266         328     2.6436857905612e-59           28.1241          -39.4547          6.187698          6.187698
     266         329     2.6436857905612e-59           27.7742          -47.2796           6.43399           6.43399
     266         337     1.3218428952806e-59          30.74879          -72.2868           6.16629           6.16629
     266         338     1.3218428952806e-59          30.23669          -51.7923          6.697998          6.697998
     267           9     3.1813824481953e-56          27.00101         -50.88999          7.185104          7.963898
     267         325     3.3046072382015e-60          33.36681         -61.09429          7.273209          7.273209
     267         332     1.2705960630328e-56          18.35231          -63.5125           6.04071          6.348099
     268         304      6.352980315164e-57           19.0042           -49.747          6.875397          6.875397
     268         305      6.352980315164e-57          19.59419          -65.8614          6.510193          6.510193
     268         315     8.2615180955038e-61          31.49451          -80.4283          7.194305          7.194305
     268         316     8.2615180955038e-61           33.5067          -55.3376          9.327103          9.327103
     268         318     8.2615180955038e-61          32.39661          -60.6975          7.442001          7.442001
     268         323      3.176490157582e-57          21.11549          -55.9054          6.807495          6.807495
     268         324      3.176490157582e-57           19.2908          -60.7258          6.863693          6.977295
     268         326      3.176490157582e-57           21.7356          -74.5247          6.211899          6.406494
     269         327     2.0653795238759e-61            28.756          -59.9951          6.473694          6.473694
     269         330     2.0653795238759e-61           31.9713         -57.55421          7.026794          7.026794
     270           9     6.9879447703354e-51          13.69891          3.956802          6.091202          6.863205
     270         320     5.1634488096899e-62          32.16571          -67.8204          8.986801          8.986801
     270         321     5.1634488096899e-62           31.2337         -62.11769          6.416901          6.416901
     270         322     5.1634488096899e-62           31.1183           -36.841          6.762604          6.762604
     270         331     5.1634488096899e-62          31.65231          -55.6143          6.325104          6.325104
     271         311     1.2908622024225e-62          28.89059         -63.66691          6.514999          6.514999
     271         312     1.2908622024225e-62           30.8813         -52.49061          6.291794          6.291794
     271         313     1.2908622024225e-62           31.5343          -59.0024          6.364288          6.364288
     271         314     1.2908622024225e-62          30.80229          -51.8213          8.461395          8.461395
     271         323     1.2908622024225e-62           29.5307          -66.6471          7.491699          7.491699
     271         332     8.7349309629192e-52          13.87549         -18.58011          6.113693          6.144302
     272         318     3.2271555060562e-63          33.81151          -67.8306          10.11751          10.11751
     272         319     3.2271555060562e-63          32.14401          -80.9874          6.369904          6.369904
     272         320     3.2271555060562e-63           32.9234         -65.12869          6.939301          6.939301
     272         321     3.2271555060562e-63          33.03041         -56.77029          7.270813          7.270813
     272         337     3.2271555060562e-63          34.34451         -73.38909          7.382401          7.382401
     273         324     8.0678887651404e-64           33.6541          -50.7127          7.080505          7.080505
     273         326     8.0678887651404e-64           32.3223          -61.5531          6.422501          6.422501
     274         318     2.0169721912851e-64           33.7153          -62.3427          6.577896          6.577896
     274         320     2.0169721912851e-64           34.4426          -60.8081          6.144104          6.144104
     274         321     2.0169721912851e-64          33.99879          -68.8013          6.531708          6.531708
     274         327     2.0169721912851e-64           33.8148          -52.8272          6.658508          6.658508
     274         337     8.7349327569125e-52           13.9231         -13.14729          6.030304          6.030304
     275         331     5.0424304782128e-65          35.10571         -67.57179          6.822708          6.822708
     275         332     5.0424304782128e-65          35.95181         -67.05829          6.740112          6.740112
     275         333     5.0424304782128e-65          34.66171         -62.00379          6.297806          6.297806
     276          11     7.0896265311128e-61          13.71159         -1.534912          6.484695          6.484695
     277         318     4.4778074859959e-50           14.5946          -36.4254          7.317505          7.317505
     277         330      3.151519048883e-66          33.81821          -60.4787          6.153793          6.153793
     277         336      3.151519048883e-66           34.5896          -64.0769          7.420395          7.420395
     278         323     7.8787976222074e-67           35.1216          -56.5055            6.4991            6.4991
     278         324     7.8787976222074e-67           35.8479          -69.6983          6.972702          6.972702
     279          18     6.5752497876024e-57           21.3994          9.931107          8.631104          8.631104
     279         317     1.9696994055519e-67          35.35121         -58.16239          7.844711          8.378311
     279         323     1.9696994055519e-67          29.75661          -73.6356          7.274109          7.274109
     279         324     1.9696994055519e-67             32.33         -48.24329          6.248306          6.248306
     279         325     1.9696994055519e-67          33.28911         -63.23869          8.343613          8.343613
     280          12     4.2851951400466e-57          21.41769          7.287888          7.476288          10.61589
     280         346     8.9928926130428e-51          16.74539          -68.4895          6.543091          6.543091
     282         306     6.7446694597821e-51          15.97661         -62.57829          6.059906          6.059906
     282         324       7.88641061927e-51          15.06551         -66.88609          6.641602          6.641602
     282         325       7.88641061927e-51          13.54811         -56.00659          6.119003           6.72551
     283         317     2.8190937330046e-51           16.0368          -14.2291          6.881195          6.881195
     283         327     1.4051394707879e-52          15.73849         -69.65491           6.93959           6.93959
     284         304     9.3864268983122e-53           15.1913          -34.3362          6.249298          6.249298
     285           9     1.7376345593261e-55          22.73331          2.596909            6.6017          8.580307
     285         322     2.3168619826393e-55          18.58611         0.4880066          6.464508          7.078796
     285         331     3.5238671662558e-52          14.82001          -22.9852          6.265701          6.379898
     285         334     3.5238671662558e-52           17.2711         -19.03809          6.523911          6.523911
     286           5     1.5351329790812e-50          15.48511          -64.8761            6.1138            6.1138
     286           9     4.3440863983154e-56           25.6754            4.8228          8.185898          8.185898
     286         208     4.1106915252808e-59          28.62241          9.895309          6.471603          6.471603
     286         316     8.8096679156395e-53          15.86891          -36.4744          6.073105          6.073105
     286         317     8.8096679156395e-53          14.93231          -35.6738          6.110397          6.110397
     286         324     1.2022091098339e-71           40.4449         -59.72179          7.608002          7.608002
     286         325     1.2022091098339e-71          39.10741          -69.3828          6.098297          6.137009
     286         332     8.8096679156395e-53          15.43811         -52.14169          6.934006           7.51741
     287           4     1.7947735464753e-50           17.4254          -68.7028          6.346191          6.346191
     287           5     1.8806683705829e-50           16.4137         -55.13931            6.1763            6.1763
     287           9     8.6881727966307e-56           18.8712          2.105698          9.297089          9.708099
     287          10     4.3440863983154e-56           23.2303          9.075699          7.460602          7.460602
     288           7     6.2023070128356e-51           19.6868         -54.95501          6.451797          7.490295
     288         312     5.5060424472747e-54          15.30139         -62.84501          6.000992          6.000992
     288         313     5.5060424472747e-54           15.2887         -57.50091          6.296799          6.296799
     288         314     5.5060424472747e-54          15.16829         -68.99071          6.487991          6.487991
     288         316     1.5573281262242e-50          15.16879         0.3734894          6.033493          6.033493
     289           4     6.2023070128356e-51           21.7589          -62.2496          8.145889          8.330795
     289           6     6.2023070128356e-51          16.44859           -43.985          6.514999          6.514999
     289         309     1.5573281262242e-50           16.2437         -2.464996          6.138596          6.138596
     289         332     1.8784517341155e-73          44.14929          -61.3952           7.58609           7.58609
     289         334     1.8784517341155e-73          43.23709         -60.48251          7.287094          7.287094
     290          12     4.4427429949221e-56          21.34491          7.875504          7.487701          10.34421
     290         292     2.3954621653661e-53           15.6297          -40.8902            6.9478          6.999496
     290         319     4.6961293352887e-74          43.32291         -63.32639          6.848999          6.848999
     290         321     4.6961293352887e-74           40.6516          -64.2569          6.400909          6.400909
     290         322     4.6961293352887e-74          41.42551          -68.7335          7.247101          7.247101
     291         279     1.1740323338222e-74            42.715          -59.9608          6.889908          6.889908
     291         287     1.4971638533538e-54           14.8533          -45.1702          6.127609          6.127609
     291         288     1.4971638533538e-54          17.52501           -87.783          6.403503          6.403503
     292         305     2.9350808345554e-75           43.1106         -76.21581          6.804489          6.804489
     293          14     3.2372496166762e-56           17.7838            7.5466          8.906708          9.053894
     293         308     1.4522532360319e-50          14.73109          3.534607          6.103302          6.103302
     293         320     7.1923890786307e-52           18.6572          -78.1419          7.300095          7.300095
     293         321     7.1923890786307e-52           16.0023          -29.5915          6.286499          6.286499
     294         314     4.0103274700358e-52          15.27829          -65.5047          6.608093          7.285202
     294         326     1.8344255215971e-76           44.5127          -66.9523          7.899292          7.899292
     294         327     1.8344255215971e-76          44.83479          -67.9621          6.011398          6.011398
     294         329     1.8344255215971e-76           42.9697          -63.6282          6.025192          6.025192
     294         335     4.6786370417307e-56           16.0052          -42.9878          7.741302          7.741302
     295          15      2.712996630343e-56          18.06241          2.036911          6.940109          6.940109
     295         307     2.3974630262102e-52          17.72441           -67.476          6.243301          6.243301
     295         323     4.5860638039928e-77           44.1953          -74.7319          6.649399          6.649399
     295         331     1.1696592604327e-56           15.2202          -57.8481          6.656601          6.656601
     295         334     1.1696592604327e-56           16.4507          -22.0611          6.941605          6.941605
     296         331     5.9936575655256e-53           16.5755           -77.632          7.220596          7.220596
     296         333     5.9936575655256e-53           17.5239          -51.5983          7.215805          7.215805
     297         295     1.4984143913814e-53            18.282         -66.67519          6.127106          6.127106
     297         311     2.8662898774955e-78           41.2254          -74.8874          7.287201          7.287201
     297         312     2.8662898774955e-78          43.00911           -71.558          6.988403          6.988403
     297         313     2.8662898774955e-78          43.69011         -71.44769          8.278305          8.278305
     297         314     2.8662898774955e-78           42.0063          -73.8224          6.351807          6.351807
     297         323      7.571125224353e-53          16.63611         -12.10959          6.376205          6.376205
     298          18     1.5133876058054e-52          15.29179          3.489105          6.740692          9.285797
     298         326     3.7460359784535e-54          19.36031          -38.8491          6.321503          6.321503
     298         327     3.7460359784535e-54          19.35179          -38.5069          7.074005          7.074005
     298         328     3.7460359784535e-54           19.3791           -23.879          7.438904          7.438904
     298         329     3.7460359784535e-54            19.438          -62.4328          6.395996          6.395996
     299          16      8.828094500773e-53           13.3504          4.380203            7.0345          7.790405
     299         308     7.7977284028845e-57           16.6693          -66.4017          6.765396          6.765396
     299         309     7.7977284028845e-57           15.9529          -67.8777          6.958801          6.958801
     300          19     1.8917345072568e-53          13.53061          8.616501          6.531006          6.531006
     300         335     4.4785779335867e-80           44.3251          -58.9523          6.693405          6.693405
     300         337     4.4785779335867e-80          44.51511           -44.077          9.357407          9.357407
     300         338     4.4785779335867e-80           43.6149          -50.0952          8.550705          8.550705
     300         350     3.2323713484533e-53           15.5443          -85.7069          6.397995            6.4814
     301           9     1.9232116838372e-65          12.20961          4.388611          6.260406          6.950806
     301          21     5.0446253526848e-53           17.2675          9.220901          8.915604          8.915604
     301         338     1.1196444833967e-80          43.75031         -44.61079          7.525803          7.525803
     301         340     1.1196444833967e-80           42.5168         -47.69259          6.803207          6.803207
     302           5     1.1058311181306e-52          17.30391         -108.9699          6.242798          6.242798
     302         198     4.2038544628896e-54          15.38591          6.293701          7.718109          7.718109
     302         319     9.9352539801583e-53          15.36571         -10.02499          6.326706          6.326706
     303          20      2.522764971576e-53           14.7621          5.120605          6.349106          6.977692
     304          23     3.0050182559956e-67          13.75081         -6.720795          6.683807          6.683807
     304         300     1.4797658692883e-54            18.181         -56.67609          6.687805          6.687805
     304         305     1.5784169272409e-53          14.56871          -64.1218          6.063507          6.063507
     304         324     2.8394789315299e-53          16.17111          -19.1365           7.06221           7.06221
     305         323     3.6994146732208e-55           17.5802         -47.32851          6.598999          6.598999
     305         325     3.6994146732208e-55           17.1032          -57.1319          6.716888          6.716888
     305         327     6.0834819070742e-54           18.3934          -60.5303           6.03949           6.03949
     305         330     2.8479247463327e-53           18.2054         -7.665604          6.632889          6.632889
     305         338     4.3736112632683e-83           42.0472         -46.33311            6.5755            6.5755
     305         341     4.3736112632683e-83          41.42859         -49.02991          6.121094          6.121094
     305         347     7.5125456399889e-68          11.15469          3.296295          6.409897          6.943497
     305         351     3.3196191153738e-53          14.82089          -24.4435          6.729294          6.729294
     306          13     8.7253274715942e-53          13.79539          5.875702          6.170303            8.2957
     306          14     6.2025624999864e-53           15.6494          -18.6156          7.178497          8.036102
     306          20     3.0114897850716e-67          14.89369          3.114594          6.617798          6.617798
     306          21     3.0114897850716e-67          16.15239         0.4402008          6.050003          8.241989
     306          22     3.0114897850716e-67           14.1626         -2.889008          6.900299          6.900299
     306         314     2.3018580188929e-54          14.61279          -55.2832          6.051788          6.051788
     306         318     7.1198118658318e-54          18.52699          -42.5158          6.331589          6.331589
     306         328     1.0934028158171e-83           42.8797         -56.27331          6.032898          6.032898
     306         335     7.1198118658318e-54          16.41789          4.742889          6.889694          6.889694
     306         337     7.1198118658318e-54          16.78979          -14.6431          6.723694           7.30719
     307          19     4.1396891583997e-54          16.74831          -2.03479            7.2099            7.2099
     307         217     1.5057448925358e-67           14.1537          2.670898          6.312897          6.312897
     307         310     5.7546450472323e-55           15.3488         -37.96809          6.198807          7.322205
     307         312     5.7546450472323e-55          15.52921         -50.01479          6.747711          6.747711
     307         315     1.4239623731664e-53          19.19431         -26.99509          6.756409          7.297699
     307         322     2.7335070395427e-84           41.6394          -54.2142          6.551697          6.551697
     307         323     2.7335070395427e-84          43.08171          -56.7178          9.342606          9.342606
     307         324     2.7335070395427e-84           41.5088          -57.4614          6.986206          6.986206
     308          17      4.680026966566e-53          12.75269          8.735794          6.275299          6.275299
     308          25     2.7841399146511e-53          15.47809          7.769485          6.480087          6.480087
     308          26     1.6427202472377e-53           15.5125          4.586197            7.9534          8.933899
     308         319     2.8773225236162e-55          14.33589          -54.2467          6.493591          6.493591
     308         320     2.8773225236162e-55          12.99709         -58.02301          6.048294          6.048294
     308         324     1.4386612618081e-55          13.49779         -45.23061          6.144897          6.144897
     308         326     1.4386612618081e-55           14.4782         -34.57461            6.1884            6.1884
     308         340     1.7799529664579e-54           14.9491          -19.2422          6.464386          6.524689
     309          16     8.2136012361886e-54           16.9257          6.505295          6.731094          9.047897
     309          19     1.5600089888553e-53            13.995          6.883698          6.757492          6.757492
     309         207     2.5873057239998e-55          19.07089          7.250397          6.219101          8.296692
     309         215     2.5873057239998e-55           18.5928          6.072998          6.638199          6.638199
     309         217     2.5873057239998e-55          20.40309          5.839706          7.555893          7.555893
     309         218     2.5873057239998e-55           17.4953          -13.0611          7.908691          8.881393
     309         309     8.3493733944219e-56            13.883          -55.9878            7.0177            7.0177
     309         311     3.1631275978638e-54          22.58929          -27.9276          8.018494          8.018494
     309         313     3.4508598502254e-54          23.08929          -36.3736          8.661102          8.661102
     309         314     3.1631275978638e-54           21.0202          -23.2735          7.933197          7.933197
     309         322     1.7084418997142e-85          44.71249          -53.9099          6.527298          6.527298
     309         328     3.5966531545202e-56           14.7034           -21.789          6.251297          6.251297
     310           8     1.3920699573256e-53            15.336           -7.8797          6.782196          7.137787
     310         317     4.2711047492855e-86          44.64719         -44.43921          8.572891          8.572891
     310         318     4.2711047492855e-86           45.1579         -45.39641          6.338501          6.338501
     310         323     4.2711047492855e-86           44.1899         -49.61081          10.40889          10.40889
     310         324     4.2711047492855e-86           42.3131          -53.9212          6.187592          6.187592
     310         325     4.2711047492855e-86          42.71269         -52.30411          6.193588          6.193588
     311           5      2.207834217813e-53           20.8154          -30.8132          7.384003          9.036499
     311          13     3.9000224721383e-54          15.41209            3.1371          6.166901          7.307404
     311         320     2.9752126232825e-54           13.0835          -34.3615          6.082504          6.535599
     311         328     1.0677761873214e-86           44.5153          -51.1144          8.123795          8.123795
     311         329     1.0677761873214e-86           42.8434          -48.5641          7.489197          7.489197
     311         330     1.0677761873214e-86           41.8539          -54.7332          6.491196          6.491196
     312           8     1.0003276067341e-53           15.7318         -5.128708          6.849792          7.632004
     312          17       6.86638909464e-54           19.9771          4.487396          9.067703          10.31461
     312         212     4.0426651937497e-57           22.6682          2.784805          8.773605          8.773605
     312         326     1.0677761873214e-86           40.9709          -60.9839          6.078903          6.078903
     313          18     5.0016380336707e-54          15.39081            0.8694          6.255402          6.427902
     313         338     2.6694404683034e-87          44.85071          -47.9302          7.534897          7.534897
     314          18     5.0016380336707e-54          18.79179          -14.3792          7.320908          8.597198
     314          25     1.0873822407877e-54           13.9911          6.320602          6.166306          7.060394
     314         344     1.6684002926896e-88          39.43961          -49.3585          6.302505          6.302505
     315          26     1.0873822407877e-54           16.6852        -0.6447906          6.297501          6.297501
     315         310     1.1289717630679e-59           19.5125          -81.6161          6.393997          6.393997
     315         329     1.6684002926896e-88          43.15471          -49.4584          9.252106          9.813309
     316          13      3.067479034788e-54          16.94171          -24.2905          7.097107          7.248703
     316         220     1.5791660913085e-59          21.23531          3.869003          6.386002          6.386002
     316         333     2.8224294076697e-60           18.4828         -68.61189          6.129013          6.129013
     317          11     6.5269885548555e-55          15.19049          3.146896           6.82489          8.738098
     317          18     5.5075843519202e-55          16.83099         -6.081207          7.168701          7.168701
     317         286     7.0560735191742e-61          18.61029          -72.4093          7.093399          7.093399
     318          16     5.5075843519202e-55          17.85051          6.247406          7.058609          7.058609
     318          19     5.5075843519202e-55           20.9012          0.039505          8.316803          10.68791
     318         310     3.5280367595871e-61          15.74791           -55.377          6.263306          6.263306
     319         306     2.6068754573276e-90           43.7439         -53.34771          6.222687          6.222687
     319         307     2.6068754573276e-90           45.0813          -44.8718          7.303391          7.303391
     319         308     2.6068754573276e-90          43.52759         -31.19231          7.719101          7.719101
     320          18     1.6317471387139e-55          16.96761          8.212296          8.514008          9.023102
     320         295     1.4579837464505e-49          14.58121          -26.4836          6.400009          6.400009
     320         304     6.5171886433189e-91           42.4946          -26.8526          6.726608          6.726608
     320         305     6.5171886433189e-91           43.0647          -31.9825          8.120209          8.120209
     320         306     6.5171886433189e-91           40.9127          -42.7514          7.094803          7.094803
     321          12     1.2558045775666e-50          14.31551          7.124496          6.559494          6.559494
     321          14     1.2558045775666e-50           16.2543          -10.3943          6.301498          6.301498
     321          23      3.263496128013e-55           15.0078          2.549606          6.387894          6.387894
     321         323     1.6292971608297e-91          42.43201           -44.309          6.503204          6.503204
     321         332     2.5701640753958e-50           14.6707         -3.866501          6.589294          6.589294
     321         333     2.5701640753958e-50          14.69341           -28.886          6.580902          6.820099
     322          15     1.8757289587233e-53           15.9425           -46.796          6.219208          6.219208
     322         309     1.2558164597246e-50          18.37781          6.255707          6.401398          6.401398
     322         311     4.0732429020743e-92          43.24701         -57.26849            6.7435            6.7435
     322         312     4.0732429020743e-92           42.9084         -62.83289          6.182312          6.182312
     322         313     4.0732429020743e-92          44.57561         -49.13049          6.937805          6.937805
     322         314     4.0732429020743e-92           46.2182          -54.1105           9.97551           9.97551
     323          11     3.0374636629889e-51           14.9218         -5.977905          6.087799          6.869492
     323          16     3.1395114439166e-51           13.5945         -2.488098          6.109604          6.109604
     323         309     1.8764715935978e-53           15.3421          -23.6033          6.475693          6.945694
     323         323     4.7301161369622e-54          15.00999         -34.96571          6.028397          6.028397
     323         325     4.7301161369622e-54           14.4951           -40.075          6.099792           6.47789
     324         312     1.5767053789874e-54          16.58501         -63.22179          6.052414          6.052414
     325         304     5.8616529960103e-55          16.92661         -19.89259          6.541611          6.541611
     325         306     5.8616529960103e-55            17.332          -55.6384          6.149811          6.149811
     325         319     9.2788977953037e-52           14.8403         -18.92259          6.692307          6.692307
     325         321     9.2788977953037e-52           15.8587          -41.1722          6.104599          6.104599
     325         322     9.2788977953037e-52          15.41951         -12.22749          7.542603          7.542603
     326         311     2.3197244488259e-52           13.9868          -25.6812            6.1035            6.1035
     326         312     2.3197244488259e-52           14.5192            -30.19          6.503098          6.503098
     328          13     1.4498277805162e-53           16.0817         -2.402191          7.593597          7.593597
     328          15     1.4498277805162e-53           14.7476         -15.60649            6.6577          6.768402
     328          21     6.5153086299176e-57            18.584          3.320496          7.046204          9.344406
     328          22     6.5153086299176e-57           19.7296            1.7686            8.7966           12.3766
     328         319     9.4125633913784e-67          29.30431          7.201401          7.570602          7.570602
     329          13     1.4498277805162e-53           15.0818          -16.7952          6.029205          6.029205
     329         318     3.6245694512905e-54           14.6326          -19.6281          6.476196          6.476196
     331          21     1.8122847256453e-54           17.3577          5.250702          8.580399          8.751892
     332          25     1.8122847256471e-54          17.56059         -8.852997          7.803299          9.641098
     332         223     5.8828521196115e-68           32.3485          8.295105          7.267105          7.267105
     332         338     3.6767825747572e-69            30.705          6.606995          8.268997          8.268997
     333         324      4.353168321235e-51          23.69991          -18.2149          6.081894          6.081894
     333         330      9.191956436893e-70          30.78731          9.674393          6.180405          6.180405
     333         336      9.191956436893e-70           27.0092          8.859695          6.549103          6.549103
     334         328     2.2979891092233e-70          30.85229          7.344604          6.930191          6.930191
     335          15     6.0409490854842e-55          17.92419         -7.882095          6.307999          6.780304
     335          17     2.6225971513248e-54           17.3257          9.822205          6.177994          8.469803
     335         314     2.2406790242654e-52           15.3006          -74.7818          6.138901          6.138901
     335         326     5.4414604015438e-52          24.78951          -15.2233          6.262894          6.262894
     335         335     1.0882920803088e-51            21.967            -18.55          6.648605          6.648605
     336         220     1.4362431932645e-71          30.26259            9.8638          6.901199          6.901199
     336         335     1.3603651003859e-52          24.93149           -14.065          6.113098          6.113098
     337          14     5.2445690101983e-52           16.2291          -77.8231          6.106308          6.106308
     337          15     5.4414604015438e-52           25.2598          -12.5218          7.348007          8.740997
     337          23     3.0293821913562e-55          17.70421         -6.268005          8.442795          9.150604
     337         316     1.9667133788244e-52          14.71361           -68.811          6.908295          6.908295
     337         329     3.4009127509649e-53           22.0345          6.304306          6.825302          6.825302
     337         339     3.4009127509649e-53          20.84081         -7.000092          6.144196          6.144196
     337         341     3.4009127509649e-53           22.8934         -6.815994          7.460709          7.460709
     338         320     8.5022818774122e-54           21.2074          5.582001          6.528107          6.528107
     338         327     8.5022818774122e-54           20.8548          -11.0416          6.966003          6.966003
     339         293     8.4025463409954e-53           17.5285         -68.26019           6.16301           6.16301
     339         311     2.3152896682178e-52          18.47131         -34.95349          6.763214          6.763214
     339         322     8.5022818774122e-54          28.68251         -26.70599          7.115204          7.115204
     339         330     1.2291958617652e-53          14.62711         -6.411987          6.112503          6.112503
     340           5     6.6320656510557e-52          15.21631         -30.14109          6.483704          6.632004
     340          12     3.1352113137494e-55          19.13821          9.938309          9.400803           9.78331
     340          13     1.5676056568747e-55          18.80261         0.9705048          8.702713          10.62921
     340         299     1.3319329788056e-52          16.66631          -40.0062          6.915512          6.915512
     340         326      2.125570469353e-54          27.86021          -17.3864           7.04361           7.04361
     340         333     7.4689300808848e-53          17.54431          -60.6497          7.235413          7.422104
     340         334     7.4689300808848e-53          16.11391         -51.50489          6.980103          6.980103
     341           6     6.5091460648792e-52          15.23729         -54.62221          6.099289          6.099289
     341         322     5.3139261733826e-55            29.495          -16.8562          8.040985          8.040985
     341         323     5.3139261733826e-55          27.11229         -22.17401           6.01889           6.01889
     341         324     5.3139261733826e-55          30.46849           -16.582          6.852997          6.852997
     341         325     5.3139261733826e-55           26.2016         -16.20781          7.916397          7.916397
     342         295     7.0021219508295e-54          17.15759         -51.22081          6.167999          6.167999
     342         317     1.1099441490047e-53           20.5488         -56.36731          6.099487          6.099487
     343           6     2.0474138332696e-52            19.002          2.514404          6.051804          8.137512
     343          12     4.0682162905495e-53          17.18021         -10.86099          7.944305          7.944305
     343         329     1.2253713413952e-53          21.19061         -76.17629            6.3237          6.401108
     344           4     4.5927973616795e-53          23.08881          -24.2865          6.364304          7.295898
     344           5     4.5927973616795e-53           24.4958          -15.7402          7.316406          8.266403
     344          11     1.0170540726374e-53           14.8154            8.8452          7.091309           7.30571
     344         304     2.0919737826422e-54          17.21161          -17.3298          6.575806          6.575806
     344         307     1.0848576774799e-52          16.74161         -19.31369          6.023499          6.921906
     344         311     3.0634283534879e-54           24.3071          -72.8392          6.645203          6.645203
     344         312     3.0634283534879e-54           26.2141         -55.99689          6.323608          6.323608
     344         313     3.0634283534879e-54           28.9429          -76.0951          6.675903          6.675903
     345           6     4.0682162905495e-53          18.89041          -22.3102          7.821411          7.821411
     345          11     2.5489278371146e-54           14.5979         0.7413025          6.678513          8.286102
     345         206     1.0170540726374e-53           16.4259          9.665009          6.793808          9.070099
     345         289     1.3946491884281e-54           19.7243         -56.59439          6.570999          6.679413
     345         290     1.3946491884281e-54          19.69371         -24.39259          6.219406          6.494507
     345         308     5.2299344566054e-55          18.77841         -26.15929            6.3349            6.3349
     345         309     5.2299344566054e-55          19.21101         -7.619598          6.137604          6.137604
     345         321     1.3226230351567e-53           19.1315         -60.41259          6.264603          6.264603
     345         325     7.6585708837197e-55          20.77971         -61.53369          6.440399          6.440399
     346           7     4.5927973616795e-53           25.7843          -30.4694          8.024094          8.058197
     346          12     1.0246052589942e-53            22.263          4.545105          6.852203          6.852203
     346         314     2.1403960920069e-53           16.5545          -36.9281          7.096497          7.096497
     346         316     2.1403960920069e-53          19.55119          -47.8796          6.139206          6.813095
     346         317     2.1403960920069e-53            17.944          -56.6177          6.492096          6.492096
     346         321      4.111615518575e-54          18.56979          -32.4776          6.192703          6.192703
     346         322     3.4967196254306e-66            13.311         -4.636597            6.1577            6.1577
     346         326     6.6162619459531e-54          25.50011          -21.3511          6.412598          8.791306
     346         334     3.3065575878917e-54          19.33501          -85.2637          7.167801          7.429398
     346         336     3.3065575878917e-54           19.3811          -54.2096          6.621094          6.621094
     347          19     3.1798671408721e-54           15.1777        -0.8287964          6.639099          9.116501
     347         298     5.6424929792468e-53           15.4259          -68.9332          6.057404          6.057404
     347         316     4.1438695247801e-53           17.5826          -70.4477          6.682404          7.455597
     347         337     8.2663939697292e-55           19.1736         -57.59631          6.104904          6.104904
     347         338     8.2663939697292e-55          20.00009          -70.5719          6.750305          6.750305
     348          12     3.1798671408721e-54          13.17769          6.571793          6.654694          6.654694
     348          13     3.4153508633141e-54          20.53139          4.865891          6.280991          6.280991
     348         289     2.7294859887157e-53          23.54259          -50.9854          6.154892          6.154892
     348         316     4.1351637162207e-55           29.1881         -5.738403          6.642792          6.642792
     348         321     2.0665984924323e-55          18.48849         -25.50341          6.632889          6.632889
     349          15     1.2803465259879e-53           22.0443          -47.3812          6.005798          7.088699
     349          20     1.1384502877714e-54            20.509          1.658401          6.496689          6.496689
     349         330     4.1351637162294e-55          29.60069         -8.094009          8.506302          8.506302
     349         332     1.0337909290552e-55           31.1714          -23.9639          6.257202          6.257202
     349         334     1.0337909290552e-55           30.1783          -24.0524          6.688004          6.688004
     350           9     1.3817213978607e-53          18.58279          -76.5966          7.561005          7.561005
     350          10     1.4827725200361e-53           24.1024         -12.59151          6.003098          9.065994
     350          16     5.6922514388568e-55          18.63609          5.307297          7.890793          8.183197
     350         321     1.6171907989683e-54           31.9528         -7.721298          6.360092          6.360092
     350         342     2.5844773226379e-56          31.93449         -1.846802          9.436401          9.436401
     350         343     2.5844773226379e-56           30.7982         -13.45151          6.607101          6.607101
     350         352     4.9685424076126e-56           13.3101         -4.425995          6.670303          7.130295
     350         354     4.9685424076126e-56          16.07249          1.501205          6.885895          6.885895
     351         229     3.6987456751183e-55          15.15439        -0.3596039          6.341492          6.341492
     351         289     1.7728979378491e-54          17.83279         -69.90041          6.236603          6.236603
     351         337     3.2290601444255e-57           17.9447          -24.7263          6.270096          6.779388
     351         338     3.2290601444255e-57          18.94859          -18.5083          6.422592          6.422592
     351         344     6.4611933065948e-57          29.71159         -28.10751           7.00119           7.00119
     351         345     6.4611933065948e-57          31.02379          -17.6882          7.075195          7.075195
     352           8     3.4543034946517e-54          16.83139         -6.067703          7.278793          7.875198
     352          10     3.4543034946517e-54           18.9552          -53.5131          6.378693          6.632599
     352          19     1.1384502877714e-54           19.7357          9.895493          7.488892          8.527802
     352         324     8.3896757702226e-54           16.4798           -83.548          6.030396          6.030396
     352         328      1.035967381195e-53           14.3073         -56.36691          6.436691          6.457794
     352         332     1.1186234360297e-53           17.9166          -31.4811          6.638397          6.638397
     352         335     6.2106780095158e-57          16.98689          -8.62381          6.795395          6.795395
     352         338     6.2106780095158e-57          15.85699          6.333801          6.811401          6.811401
     352         339     1.6152983266487e-57          28.78819          -12.9575          6.537003          6.537003
     352         340     1.6152983266487e-57          30.02879         -7.257507          7.824005          7.824005
     352         341     1.6152983266487e-57          30.00769         -10.47121          6.844894          6.844894
     352         342     1.6152983266487e-57           28.8215         -3.668503           6.72319          8.324402
     352         347     8.3896757702226e-54           15.5692           -65.186          6.406204          6.889404
     353          13     3.5331857120801e-55           16.8152          9.518997           7.85231          9.316208
     353         310     3.2154302863279e-54           14.3912         -55.92339          6.058609          6.058609
     353         320     1.3571279260482e-54           19.6929         -40.21989          6.128006          7.074905
     353         328     2.5899184529876e-54           14.6122         -84.31229           6.46701           6.46701
     353         329     2.5899184529876e-54          14.21541           -74.059          6.709198          6.709198
     353         330     2.5899184529876e-54            13.532          -78.4301          6.368103          6.368103
     354         207     3.0746830479419e-66          12.50441          1.186707          6.104004          6.104004
     354         208     3.0746830479419e-66          13.25681          7.727203           6.10791           6.10791
     354         278     3.4559161217588e-54          18.76381         -52.83969          6.685303          6.685303
     354         290     2.5899184529876e-54           14.5007          -53.5518          6.871506          6.871506
     354         294     6.7492900776509e-54           16.4068         -65.62069          6.230408          6.230408
     354         300     1.1242380977679e-53          14.42821         -31.09249          6.184814          6.184814
     354         306     3.3928198151206e-55          24.57121         -27.07839          6.642212          6.642212
     354         309     3.3928198151206e-55          22.08661          -40.7066          6.980499          6.980499
     354         314     8.0385757158199e-55          15.55811         -28.11499            6.7444            6.7444
     354         317     8.0385757158199e-55          17.18121          -59.8532          6.225113          6.225113
     355          10     3.8479207725781e-54          13.31941         -32.18549          6.254211          8.466202
     355         308     4.0440691930635e-54           16.8477         -86.48769          6.036713          6.036713
     355         315     2.8102740898238e-54          21.04341         -7.557297          7.444504          7.495605
     355         329     1.9318868268412e-54          15.17601         -68.40779          6.104813          6.104813
     356           8     1.1543762317734e-53          13.57649          -60.8247          6.056503          6.056503
     356          10     1.1543762317734e-53           14.5863         -3.208206          6.317902          7.193802
     356          16     1.9216769049637e-67           13.3588          4.307693          6.999496          6.999496
     356         302     5.7718811588672e-54           13.3777          -33.9258          6.656601          6.656601
     356         318     2.1205123844504e-56           21.6778          -46.7295          6.017105          6.017105
     357           8     5.1305610301042e-54          14.44611          -52.4414          6.391296          6.391296
     357          16     4.4164821401193e-56          17.68291          4.186798          6.666901          8.229507
     357          19     4.4164821401001e-56           18.8826          4.745605          7.960403          9.997101
     357         220     4.8041922624092e-68          14.71851          5.817596          6.854797          6.854797
     357         309     2.0100351002675e-54           17.6377          -47.5629          6.239807          6.239807
     357         324     1.6099056890343e-55          16.21429          -60.6942          6.986206          6.986206
     358          17     4.4164821401001e-56          21.99091          5.556793          9.135605          11.40559
     358          19     2.2082410700501e-56          20.29539          5.612106          9.041794           11.7018
     358         206      1.104120535025e-56          17.63631          1.769608          6.288208          9.397598
     358         275     5.8836174044733e-54          14.32809          -57.4291          6.253601          6.253601
     358         297     2.5093958995851e-54           16.1924          -18.7309          6.540298          6.540298
     358         307     4.0247642225858e-56           16.0748          -32.8279          7.878403          7.878403
     358         308     4.0247642225858e-56           15.1619         -16.38229          6.410004          6.410004
     359          17      1.472160885332e-56          20.41321          9.730103          9.203415          11.06021
     359         206     2.7603013375626e-57           15.9608          7.440613          8.246613          8.411911
     359         302     3.3133006007037e-58            28.485         -7.875488          7.522308          7.522308
     359         303     3.3133006007037e-58           25.3661          -30.2968          6.387802          6.387802
     359         314     1.0061910556464e-56           14.9039         -14.89409          6.114502          6.114502
     359         315     1.0061910556464e-56          15.77821         -2.367096          7.090805          7.090805
     359         316     1.0061910556464e-56          15.32681         -44.25479          6.179108          6.179108
     359         317     1.0061910556464e-56           15.6974          -61.0481          6.849213          6.967606
     360           6     4.0805264830849e-54           18.0347           -43.112          6.136108          8.445297
     360         183     2.7603013375656e-57          13.75891          7.188202          6.215607          6.215607
     360         253     5.2206340968897e-55           13.5094           -53.726          6.169098          7.044006
     360         257     1.3921690925039e-54           14.0047          -53.7356          6.051208          6.051208
     360         289     4.6521197791165e-55          16.40761         -26.82629          6.818909           7.63031
     361           4     8.1610529661698e-54          17.86369         -55.17281          6.384491          6.384491
     361           8     1.4721607133667e-56          19.98219          7.356888          6.444687          9.150787
     361          15     5.5206026751251e-57          14.60999          4.096786          6.674194          7.721695
     361         306     2.0708128754398e-59          30.26208          -40.3483          8.087387          8.087387
     361         312     2.0708128754398e-59          29.44209          -31.2281          6.923996          6.923996
     361         314     2.0708128754398e-59          29.18089         -28.10121          6.092285          6.092285
     361         316     4.2074252701524e-55          18.74759          -31.2718          6.839096          6.839096
     362          12      1.472160885332e-56          14.58659          6.700195          7.421295            7.8992
     362         315     5.1770321885995e-60          31.68111          -50.3709            7.6035            7.6035
     362         316     5.1770321885995e-60           29.1617          -53.3036          7.429901          7.429901
     363         299     1.2942580471499e-60          31.21001          -46.8091            7.9617            7.9617
     363         300     1.2942580471499e-60           33.2706          -83.3665          6.099304          6.099304
     363         301     1.2942580471499e-60          30.13609          -74.9599          6.164093          6.164093
     363         322     4.3129708399462e-59             16.38          -14.6384          7.108902          7.108902
     363         326     1.2942580471499e-60          29.80701          -54.2059          7.556107          7.556107
     364         281     3.2356451178747e-61          31.90489          -61.4493          7.432297          7.432297
     364         282     3.2356451178747e-61           32.3504          -65.5546          7.677795          7.677795
     364         287     9.6550119027644e-55           14.4646         -26.71811          6.798492          6.798492
     364         307     6.5485486221324e-55           12.6962          -51.9232          6.003998          6.003998
     364         311     3.2356451178747e-61           31.9588         -62.09431          7.270203          7.270203
     364         313     3.2356451178747e-61          31.98169          -78.2413            6.2388            6.2388
     364         314     3.2356451178747e-61           32.0193         -66.04501          6.707001          6.707001
     364         319     1.0518563175381e-55          20.88519         -63.03741          6.144989          6.144989
     365         207     1.8510569991279e-64           12.1144          9.493301          6.116791          6.157196
     365         304      6.436674601843e-55           17.6714         -29.60451          6.205292          6.205292
     365         321     2.6296407938452e-56           20.7189          -46.5294          6.280792          6.344498
     366          13     9.8144056156046e-57            19.634          6.652603            6.5672          7.393692
     366         288     1.0601737176112e-54           21.7309          -73.1994          6.444901          6.577698
     367           7     3.3010516276665e-55           18.4079           -25.755          8.030197          9.820801
     367          12     1.0688668812717e-55          14.85599          -21.7612          6.586288          6.586288
     367         311     9.3606636492263e-56          18.50989          -17.7549          6.130692          6.130692
     367         316     1.6306465110194e-55           19.5549          -85.9212          6.482895          6.482895
     367         317     1.6306465110194e-55            21.515         -27.62921          6.221191          6.221191
     368         307     8.1532325550968e-56          14.72589         -65.66121          6.420288          6.420288
     368         322     9.3606636492263e-56          14.98749         -24.69601          6.162689          6.514694
     368         335     7.5587356687065e-56          16.24089         -23.88541          6.154999          6.154999
     369          13     3.4260331041735e-70          14.03601          7.783798            7.4142            7.4142
     369         345      1.109919462176e-56           18.2664         -77.03139          6.391006          6.391006
     370           7     1.1003505425555e-55          20.05099         -6.854004          6.734497          8.101196
     370         285     1.1097468294329e-55           19.1053          -26.8613          6.269501          6.269501
     370         292      1.664879193264e-56           21.7527         -111.1579          6.017899          6.017899
     370         314     7.2508823753564e-57           15.1053          -68.8692          6.820999          6.820999
     371           4     2.1041095622345e-55          15.36639         -20.61221          6.633286          7.743591
     371         306      1.248659394948e-56            18.756         -73.77121          6.172592          6.172592
     371         307     7.2508823753564e-57           16.4209         -70.60011          7.243393          7.243393
     371         309     5.5495973108799e-57          16.52539         -46.62121          6.039291          6.039291
     371         310      1.109919462176e-56          16.52509          -77.2206          6.322388          6.322388
     372         312     2.9422297152754e-56           23.8279             -20.2          6.001694          6.521606
     372         323     1.5924282334173e-58           22.8821          -42.8231          8.142303          8.142303
     372         329     1.5924282334173e-58           22.1756         -29.37219          8.772202          8.882904
     373         331     3.9810705835434e-59          23.55971          -59.3634          6.300613          6.300613
     374         310     2.6914222685121e-56           15.8092         -23.61951          6.019699          6.019699
     374         327     3.6254411876782e-57           16.2289          -52.6607          6.030502          6.030502
     375         311     1.5090874156967e-57          15.06651         -60.01329          6.435104          6.435104
     375         313     9.0636029691955e-58           14.7404          -46.1907          7.277008          7.277008
     375         327     8.3982537435269e-58          12.56041          -21.1344          6.184799          6.247711
     375         333     4.8339215835709e-57          19.47871         -77.62519          7.048706          7.048706
     376         332     3.8043601195054e-57          19.98669          -78.4764          6.567505          6.567505
     377         293     1.2681200398351e-57           20.4843           -81.043          6.506897          6.506897
     378          17     2.7898971045669e-57           23.2574          9.222702          9.690903          9.690903
     378         317     4.2270667994505e-58           19.8423           -92.193          6.288696          6.288696
     378         318     1.9875499932067e-57           18.0455          -58.2008          6.146805          6.763901
     379           9     2.4485974117312e-56            19.972         -8.523605          7.803085          7.803085
     379          10     1.6710194419239e-56           21.7186        -0.5289001          6.451691          6.451691
     379          17     5.5797942091339e-57          22.71799        -0.8728027          11.44739           12.5961
     379          19     2.7898971045669e-57           23.9964          3.464996           8.52829           8.52829
     379         308     5.9626499796201e-57          19.21719         -55.32161          6.062393          6.491791
     379         329     9.9377499660334e-58          20.88179         -64.81051           6.23909           6.23909
     379         330     9.9377499660334e-58          21.09499         -38.40411          6.725586          6.725586
     380          14     7.2653578508403e-60          14.77319         -2.955307          7.540497          8.656189
     380         308     1.3962820357959e-57           20.0587          -75.7394          6.515594          6.515594
     380         313     3.3125833220111e-58          21.74669          -44.2656          6.026596          6.026596
     380         319     7.4197217976505e-58           17.0394          3.822296          6.618591          8.026596
     381           8     3.4907050894897e-58          23.63361          -50.6085          7.598297          8.247208
     381           9     3.4907050894897e-58            23.797          -72.1284          6.325409          8.047409
     381          18     6.9747427614174e-58          29.84531          5.064499           15.3195           15.3195
     381         316     3.4907050894897e-58          19.63181          -75.8224           6.44371           6.44371
     381         325     1.7119024822949e-57          19.59961         -38.14899          7.731598          7.731598
     381         330     2.5750373751683e-57           15.1046          -13.2932          6.140808          6.140808
     381         339     4.1407291525139e-59           22.2382          -78.5311          6.506699          6.506699
     381         340     4.1407291525139e-59           21.0802          -71.3334          6.452499          6.452499
     381         342     4.1407291525139e-59          20.93361          -63.9528          6.650711          6.650711
     382           9     7.3954830942307e-58           18.9716         -60.27171          6.149796          6.149796
     383           9     1.3407476577642e-57           14.9079          -11.2014           6.87149           6.87149
     383          17     6.9747427614174e-58           30.9677          8.350891           17.2795           17.2795
     383          19       1.21089297514e-59          17.27769          2.967896          8.545288          8.545288
     383         310     1.9379814425379e-58          22.07779         -76.23511          6.084595          6.084595
     383         331     3.7365285967784e-58           18.1573         -9.276001          6.880798          6.880798
     383         333     3.7365285967784e-58          20.56129         -7.118805          7.766891          7.766891
     384         315     3.7365285967784e-58           18.8243         -22.12701          7.933395          7.933395
     384         323     1.2277779957609e-58          20.80859          -96.1851          7.110092          7.110092
     384         325     1.2277779957609e-58           19.1825         -72.59601          6.200394          6.200394
     384         342     4.8449536063447e-59          18.73959         -96.11931          6.004288          6.004288
     385         283     4.8449536063447e-59          21.66389          -82.9124          6.314499          6.314499
     385         349     3.5587013093623e-59           13.0502          -58.2832          6.085892          6.877594
     386          17     3.4873713807087e-58            30.403          9.166397          14.92551           15.7489
     386         302     3.6765635097216e-59           18.3344          -93.0038           6.43071           6.43071
     386         307     9.1914087743041e-60          18.30861          -69.5481          6.627502          6.685501
     387           7     2.3650253420704e-63           10.5912         -0.667099          6.126999          6.438293
     387          15     9.4014481646726e-58          18.59399         -27.97311          6.039398          8.551788
     387          20     4.7300506841408e-63          15.87979          -11.8289          6.094193          6.780502
     387         221    2.8324902638904e-102          46.84239          8.653595            6.7733          6.789795
     388          17     3.4873713807087e-58           29.7659          8.816101           11.0981          14.12639
     388         338     2.8053748798544e-59           17.6156          -68.0909          6.276688          6.276688
     389          19     1.5580154557048e-58          24.36609          -15.0182          9.845886          10.31639
     390         349      5.472772593392e-61           18.0363         -78.31849          6.657806          6.657806
     391         325    1.1064415093322e-104          48.54979          3.326294          7.345688          7.345688
     392         282     1.8767325509241e-59           17.7402          -66.9385          6.191193          6.191193
     392         328     5.0104286634484e-60           18.1263          1.400406          7.481293          8.245193
     392         339       3.42048287087e-62            18.005          -58.0082          6.465897          6.465897
     392         340       3.42048287087e-62          18.99809          -71.1277          6.860199          6.860199
     393          20     5.1934636865274e-59          26.18631          6.807007          12.49031          14.59131
     393          21     1.0386769704699e-58          31.79791           9.89801          15.82031            17.041
     393          22     5.3046552787312e-59          29.89461          5.525406           11.0374          13.81651
     393         227     2.6473274845208e-65           13.5574          5.300507          7.090408          7.090408
     393         308     1.2885114607515e-59          18.61221         -79.86309          7.302002          7.302002
     393         313       3.42048287087e-62          19.99751           -63.203          6.795502          6.795502
     393         331     5.0316562965673e-59          22.94121         -54.55249          6.703903          6.703903
     393         334     7.9371871647012e-59          20.77411          -49.3877          6.060913          7.273514
     393         341    6.9152594333263e-106           46.1398          9.270599          6.799606          6.799606
     393         349     2.5158281482836e-59           21.3679          -72.9248          6.358109          7.418411
     394          15      1.715801021178e-58           26.0981         -54.06739          6.334213           6.92511
     394          23     1.3122748568446e-59          19.05551          5.833206          8.599411          9.954208
     394         297     1.6106393259393e-60          19.85951          -92.0012           6.02211           6.02211
     394         299     9.5049282920796e-60           18.9973         -63.44139          6.650909          6.650909
     394         306     3.7700291023117e-59          22.19211         -34.32939          7.438904          7.836609
     394         319     6.2895703707091e-60          19.72771         -42.03679          6.135406          7.576813
     394         321     6.2895703707091e-60          20.96021         -40.70839          7.139511          7.139511
     394         324     3.7513631366878e-59            19.996           -10.086          7.053909          8.788513
     395          13     3.9685935823506e-59          20.68761          -31.8739          6.296707          7.328201
     395          14     3.9641965397553e-59          20.87531          1.525604          6.304306           8.16861
     395         321    4.3220371458289e-107           46.3654          2.437805          6.318497          6.647507
     395         328     3.5985529382386e-60          19.34421         -77.27679          6.745499          6.745499
     396         292     1.7061329497561e-59          20.80681          -74.9716            6.0457            6.0457
     396         302     7.8197189621836e-61          18.39751         -68.82479          6.179901          6.179901
     396         324     2.0132991574241e-61           20.1071          -80.1646          6.254211          6.254211
     397          23     6.4918296081592e-60           23.4603         -1.486511           10.8239           12.7083
     397         315     4.0265983148483e-61          21.26549         -99.09271          6.342697          6.342697
     397         321     1.7870484973217e-59          21.11809          -22.1611          6.847992          8.979187
     397         331    2.7012732161431e-108          46.81679            7.6409          7.631699          7.631699
     397         334    2.7012732161431e-108          47.13359          1.156189          6.211899          6.211899
     398          18     2.6964115184498e-59          15.76019          7.320602          6.316895          6.681595
     398         323     9.4250727557792e-60          26.55811          -43.8219          6.102402          6.102402
     399          12     2.2234814513412e-59           19.4025         -5.348999          6.507202          9.285492
     399          23     1.6229574020398e-60          23.31059          8.509003          7.844299          9.088898
     399         299     6.3109425038685e-60           20.0591          -60.6246          7.366791          7.366791
     399         320     6.2833818371861e-60          24.63899          -35.5848          7.123398          7.845093
     399         336     1.3009429398051e-59           24.8896          -38.5406          6.249191          7.050598
     399         337     1.3009429398051e-59          26.85449          -42.2981          6.307602          6.307602
     400          12     2.3435695692461e-59           19.0119          2.210892          6.150589          8.121796
     400          20      8.114787010199e-61           25.9341          9.420593           11.7139           14.7305
     400         326     2.6180757654942e-61           22.2412         -49.75371          6.344193          6.449097
     401          12     2.1422417553416e-59            16.161          -31.2883          6.559387          8.764297
     401          18     7.4116084473192e-60          20.64949          4.371796          6.570892            8.8815
     401         289     6.1276395803165e-60          26.13399         -36.31081          6.380295          6.380295
     401         291     3.2523573495127e-60           28.7896          -16.4702          6.800598          6.800598
     401         293     3.5480312179377e-60           26.6642         -16.20511          7.775299          7.775299
     402          20     3.0052600109431e-60           26.7117          2.736496           13.1246          13.28999
     402          21     3.0052600109431e-60           27.4447          1.606796          12.37349          14.09509
     402         299     1.6261786747564e-60          25.33429         -29.91611          6.156494          7.046188
     402         321     1.7550697054244e-59          17.48889         -12.36261          6.155701           8.22229
     403          13     1.4046303893073e-59          17.80321         -5.885193          6.272903          8.311707
     403          15     8.3609616009187e-60          21.57961          -16.3864          7.335907          10.33081
     403          20     1.5026300054716e-60          30.45381          5.579407          12.05231           14.1989
     404          12      3.655080995959e-60          21.89459         -60.54561          6.093094          6.093094
     404          23      1.001753336981e-60          32.71779          5.721588           16.7522           17.8512
     404         296     1.0137989291794e-60          21.40909          -41.2152          6.072098          6.072098
     405          12     5.5739744006124e-60          25.59979             3.875          6.696594          8.815704
     405          22     1.5026300054716e-60          24.86861          6.576996          8.014404           10.5033
     405         292     1.3515352774295e-60            16.168          -70.8499          6.502396          6.502396
     405         317     9.2899573343541e-61           23.4695         -15.75011          6.504898          8.354904
     405         327     2.5344973229484e-61          20.60139          -53.2099          6.144592          7.762299
     406          12     3.4417756776592e-60          18.62289          1.926895          8.700592          8.700592
     406         311     9.8642630829327e-61             21.62          -76.2047          6.226593          6.226593
     406         313     1.0137989291794e-60           16.2249         -52.30711          6.362991          6.362991
     406         328     1.0137989291794e-60           17.0127         -34.70271            6.9944          7.778702
     406         329     1.6103478623576e-60           17.1675          -69.3595           6.52179           6.52179
     406         331     6.9674680007656e-61          21.54269         -1.890503          6.047897          6.996292
     406         343      6.336243307371e-62          22.19099          -79.4315          6.076294          7.480988
     406         344      6.336243307371e-62          23.57129           -66.353          7.296295          8.213989
     408          17     2.0972730457458e-60           20.4557         -41.82159          6.473297          6.473297
     408          26     5.0087666849052e-61          34.32021           7.31781           19.1638           19.1638
     408         325     1.6175786558003e-62           21.6256          -93.7697          6.864807          6.864807
     408         344     1.6175786558003e-62          17.54601         -60.58089          6.979599          6.979599
     408         345     1.6175786558003e-62          17.96921         -79.18069            6.2742            6.2742
     408         346     1.6175786558003e-62           19.2038          -54.0504          6.389801          6.389801
     409         297     5.0468339581065e-61           12.9879          -21.8907          6.781799          6.781799
     410          12     1.2014301958872e-60           14.5928         -6.302597          6.576294          7.715897
     410          15     2.0972730457458e-60           27.5425          -50.2645          7.495804          9.743896
     410         209    4.0252107622371e-116           49.5589          9.769608          6.808105          6.808105
     410         267     1.1156502445883e-60          18.64481          -70.7882          6.008804          6.008804
     410         283     1.0712171686937e-61           17.8011          -71.1137          6.160797          6.160797
     410         298     8.3696528071856e-61           20.9203           -29.496            6.8293            7.8013
     410         325     1.0109866598752e-63           20.8166          -84.1436          6.033493          6.079407
     411          15     1.7418801036269e-61           17.9751          3.882187            7.0457          8.010986
     411          16     5.0087666849052e-61          29.23589          3.119293           11.8938           11.8938
     412         282      1.352739035682e-61           19.4783         -93.14261          6.220291          6.220291
     412         344      5.366522708756e-62           19.5211         -51.59621          6.821991          6.821991
     413          12     1.7172872668019e-60           24.2318            1.2211           6.71199          8.405396
     413          18     1.3783404325289e-61          23.66409           -4.9104          6.554596          7.259293
     413         331     1.2334994799076e-61          17.28949          6.256104          7.659393          7.659393
     413         332     1.2334994799076e-61           18.3356          5.237595          7.472504          7.754501
     414         335     3.0837494851648e-62          19.78529         -6.421906          8.108597             8.694
     414         347     6.9684720903204e-62           18.7341         -7.585007          6.450287          6.450287
     415          21     4.6456480602136e-62          20.97441          5.904602          6.848602          6.848602
     415         214      1.859675954438e-68           11.2119            9.3862           6.10791           6.10791
     415         318     6.0367487107458e-64          19.74811          -87.3615          6.083405          6.083405
     415         324     2.2028779177339e-61           21.3954          -73.3812          6.124008          6.124008
     415         333     2.3228240301068e-62           18.1479         -4.490799          6.587112          7.042099
     415         343      4.701329244344e-62           16.5661           -67.367          6.077499          6.077499
     415         345      4.701329244344e-62          17.51781          -80.6226          6.116608          6.116608
     415         348     1.6770383464862e-63           21.8457          -42.8997          7.439407          7.439407
     415         349     1.6770383464862e-63           23.2511         -41.77819           6.35231           6.35231
     416          13     2.3962067075927e-61          19.09041           -5.5392          6.363907          7.832413
     416         218     4.6491898860951e-69           11.5406          2.557404          6.139603          6.139603
     416         338      1.175332311086e-62          22.06131         -53.31059          6.451309          6.451309
     417          18     1.0279179361288e-62          16.24319          9.008804          6.069702            7.1371
     417         325     6.4320359028822e-62           16.4843          -56.1126          6.686798          7.367905
     417         332    2.4567936781232e-120           47.9117          9.373901          6.389603          6.389603
     418          12     7.1968786375304e-62          18.80521          -45.8433          7.383804          7.673401
     418          14     1.9357014482315e-61           31.7863         -48.21719          6.288498          9.138596
     418          15     1.9357014482315e-61           33.1877          -51.0108          8.009003          8.009003
     418          19       2.31849434194e-69           12.7383         -3.978302          6.955902          7.131409
     418         347      2.467316419074e-62          17.84441          -52.4059            6.0065            6.0065
     419          15     2.5697905831409e-63          16.72211          1.229401          6.151001          7.632706
     419         218     4.8301965457083e-71           17.5867        -0.5527954          6.344299          6.344299
     419         284     7.9398158926834e-62           18.8661          -73.3379          6.578903          6.578903
     419         343     6.1682910476849e-63           18.3782          -60.0717          6.082001          6.082001
     419         345     6.1682910476849e-63           19.3006          -78.6453          6.174805          6.174805
     420          14     6.4244764578523e-64          18.44281            8.1203          7.853714           8.68631
     420         338     8.5930744335341e-63          15.17581         -8.878586          6.025101          6.408203
