# Trace of trajectory ending in n_iter:seg_id 408:26 (endpoint type SEG_ENDPOINT_RECYCLED)
# column  0: iteration (0 => initial state)
# column  1: seg_id (or initial state ID)
# column  2: weight
# column  3: wallclock time (s)
# column  4: CPU time (s)
# columns 5 -- 8: final progress coordinate value
     0         2    0.00000000000000000e+00             0             0                 0          280.9727            1.9041            1.9041
     1         8    8.33333333333333287e-02       88.1004       121.936            0.4654          298.9335            1.6411            1.6411
     2         3    4.16666666666666644e-02       91.4918       113.607            0.4613          288.5667            1.6917            1.6917
     3         2    8.33333333333333287e-02        90.991       108.281            0.6062          290.3643            1.8464            1.8464
     4         6    8.33333333333333287e-02       89.4579       109.194            0.4889          289.5346            1.6306            1.6306
     5         1    9.89583333333333287e-02       92.5338       120.171            0.7558          292.5834            1.8176            1.8363
     6        39    2.47395833333333322e-02       89.8664       125.054            0.7612           293.981            1.7271            1.7271
     7        10    2.47395833333333322e-02       89.2397       101.171             0.946          295.2471            1.6999            1.6999
     8        10    8.81076388888888812e-02       89.7803       110.552            0.8673          298.0417            1.7511            1.7511
     9         6    8.81076388888888812e-02       90.1356       109.887            0.7798          279.2121            1.8048            1.8048
    10         7    8.81076388888888812e-02       90.7637       116.463            0.7303          312.4565            1.7746            1.7746
    11         4    8.81076388888888812e-02       89.1786       103.632            0.9991          297.4266            1.7156            1.7156
    12        12    8.81076388888888812e-02       91.9775       117.661            0.8424          294.2938            1.7723            1.7723
    13        10    8.81076388888888812e-02       88.7301       119.749            0.7799          313.4141            1.7762            1.7762
    14         7    8.81076388888888812e-02        90.001       104.005            1.0034           297.725            1.8288            1.8288
    15        14    2.93692129629629615e-02       89.4712       116.812            0.8321          293.7857            1.6447            1.6447
    16         9    5.56145420780888300e-02       89.0166       116.744             1.485          309.3654             1.782             1.782
    17        16    2.78072710390444150e-02       89.5573       116.528            0.6989          300.7243             1.749             1.749
    18        12    8.63370012353967542e-02       89.9031       120.562             0.891          296.9152             1.826             1.826
    19        42    2.15842503088491885e-02       87.0188       122.921            0.6207          307.1735            1.8569            1.8569
    20         1    9.92982060085108031e-02        91.814       106.631            0.8303          312.2414            1.7096            1.7096
    21         5    9.92982060085108031e-02       90.3827       107.156            0.9323          293.3914            1.7406            1.7406
    22         6    9.92982060085108031e-02       90.5892       118.898            0.8677          304.8876             1.705             1.705
    23         4    9.92982060085108031e-02       90.2113       109.724            0.8293          298.6145            1.8916            1.8916
    24        32    2.48245515021277008e-02       89.8733       113.281             0.608          312.6739            1.7506            1.7506
    25         0    8.53898456174527476e-02       90.9732       101.184             0.623          293.1023             1.748             1.748
    26         1    7.46759621315317423e-02       98.2962       115.738            0.5633          312.6505            1.7056            1.7056
    27         2    6.74944933254866541e-02       96.2679       119.968            0.6571          302.9898            1.6996            1.6996
    28         3    6.74944933254866541e-02       91.7579       115.548            0.8676          299.0872            1.7979            1.7979
    29         8    6.66224641496722114e-02       89.1239       120.346            0.8107          306.2722            1.7896            1.7896
    30        10    6.66224641496722114e-02       89.9062       113.153            0.5586          316.4493            1.8035            1.8035
    31         4    6.24193884643373179e-02       90.5246       117.432            0.5208          301.6944            1.7948            1.7948
    32         1    6.88598738424451712e-02       94.5792       113.298         0.7970999          289.2299            1.8286            1.8286
    33         8    6.88598738424451712e-02       90.2948       117.752            1.2503          305.6441            1.7313            1.7313
    34        13    6.88598738424451712e-02       91.6457       108.762             1.544          298.5783            1.7109            1.7109
    35        16    1.72149684606112928e-02       89.5291       109.554            0.6391          296.8646            1.7263            1.7263
    36         0    5.48408130471471564e-02       90.2735       122.316            0.9871           291.489            1.7996            1.7996
    37        11    5.33686468290736210e-02       89.4218       97.5198             0.518          306.0785            1.7781            1.7781
    38         3    8.30585723627428885e-02       91.6083       113.646            0.7012           286.715            1.6637            1.6637
    39         1    8.30585723627428885e-02       92.5357       113.865         0.9852999          279.9157            1.8129            1.8129
    40         8    8.30585723627428885e-02       90.3461         123.1            0.9883          299.6009             1.717             1.717
    41         7    8.30585723627428885e-02       89.8484       100.126            0.9239          283.8328            1.7751            1.7751
    42         9    8.57679849297060259e-02       89.6186       105.567            1.0332          280.1476            1.7085            1.7085
    43         7    8.57679849297060259e-02       89.1619       116.691            0.7437          271.0683            1.8935            1.8935
    44        44    2.14419962324265065e-02       88.2656       115.582            0.4782          300.8273            1.8639            1.8639
    45         2    5.29542225260125343e-02       91.5311       111.159            1.1564          273.9607            1.5967            1.5967
    46         7    5.29542225260125343e-02        89.464       117.114             1.019          277.4817            1.6914            1.6914
    47         8    5.29542225260125343e-02       88.5754       125.221            1.0478          286.8307             1.868             1.868
    48        35    1.32385556315031336e-02       89.4946       121.883            0.7161          295.4874            1.7507            1.8208
    49         3    6.76688326305171783e-02       90.4951       111.125            1.3977          264.2015            1.7359            1.7359
    50        43    1.69172081576292946e-02       88.2487       118.799            2.5643          289.2991            1.7704            1.7704
    51        20    4.22930203940732365e-03       90.0584       115.679            2.8391           311.856            1.7151            1.7151
    52        24    1.05732550985183091e-03       88.2756       119.175            2.9853          326.2691             1.704            1.7787
    53        22    2.64331377462957728e-04        89.317       113.991            3.5436          302.9237            1.7231            1.7231
    54        19    6.60828443657394320e-05       89.3572       120.753            3.4823           283.707            1.7874            1.7874
    55        22    1.65207110914348580e-05        87.832       114.889            3.1753          297.6796            1.7135            1.7135
    56        20    3.30414221828697160e-05       88.5099       119.579            3.3964           288.003            1.7094            1.7094
    57        14    3.30414221828697160e-05       90.1869       120.221            3.5227          281.8537            1.7266            1.7266
    58        19    3.30414221828697160e-05       90.0468       106.817            3.4273          279.7344             1.683             1.683
    59        21    3.30414221828697160e-05       88.3394       121.086            3.4639           280.432            1.5918            1.5918
    60        20    2.20276147885798107e-05        89.944       123.515             3.668          292.6694            1.6984            1.6984
    61        23    2.20276147885798107e-05       88.8141       118.632            3.5825          278.0026            1.6848            1.6848
    62        24    2.20276147885798107e-05       90.2093       113.852            3.5354          285.5155            1.8343            1.8343
    63        22    2.20276147885798107e-05       88.4294       117.478            3.7657          287.4044            1.7044            1.7044
    64        24    2.20276147885798107e-05       88.2485       121.789             3.947          290.8024            1.8021            1.8021
    65        22    2.20276147885798107e-05        88.074       107.858            3.9282          268.2409            1.7968            1.7968
    66        22    7.34253826285993717e-06       89.5785       117.161              4.23          282.0678            1.8461            1.8461
    67        25    7.34253826285993717e-06        89.561        104.47            3.8648          282.6324             1.711             1.711
    68        18    7.34253826285993717e-06       88.3944       119.814            3.9253          268.8107            1.7753            1.7753
    69        18    1.31936234410764506e-05       91.1263       110.916            4.0351          277.4441            1.8089            1.8089
    70        16    1.31936234410764506e-05        88.474       123.872            4.1618          277.3544            1.7157            1.7157
    71        15    1.31936234410764506e-05        88.369       116.577            4.4143           289.702            1.6649            1.6649
    72        18    1.31936234410764506e-05       89.1505       105.661            4.2449          267.9734             1.872             1.872
    73        19    1.31936234410764506e-05       92.2353       106.526            4.4364          264.9749            1.8148            1.8148
    74        16    1.31936234410764506e-05       88.4447       119.927             4.362           275.153            1.7773            1.7773
    75        18    1.31936234410764506e-05       89.3378       111.446            4.7483          293.7462            1.7666            1.7666
    76        23    7.93342065984004727e-06       89.4399       121.424            4.7662          266.8506             1.704             1.704
    77        17    1.51102298536232201e-05       88.5803       125.699            4.8337          264.2369            1.7471            1.7612
    78        24    7.55511492681161006e-06       88.4265       120.675            4.9553          266.3398            1.8091            1.8091
    79        24    7.55511492681161006e-06       88.5797       112.298            4.7029          269.6888            1.7009            1.7009
    80        18    1.47110041973476445e-05       88.8975        125.33            5.1164          267.0482            1.6613            1.6613
    81        26    4.90366806578254816e-06       89.6163       119.093            4.8646          253.9818            1.6692            1.9533
    82        41    1.22591701644563704e-06       89.3414       117.506            4.9606          251.1254             1.685             1.685
    83        23    7.36516539709257897e-06       87.8842       113.527            5.0945          221.2878            1.7223            1.7223
    84        28    1.84129134927314474e-06       89.0265       105.641            4.8416          254.3204            1.6786            1.6786
    85        21    5.75386770088102969e-06       89.8221       117.288            4.6692          248.3539            1.6858            1.6858
    86        19    5.79217760764495543e-06       89.4032       110.576            4.8049          238.6172            1.6177            1.7528
    87        51    1.44804440191123886e-06       89.5328       127.101            4.5365          258.0776            1.7462            1.7462
    88        23    7.58959486015378447e-06       89.7162       117.261            4.8021          245.3311            1.6452             1.759
    89        20    1.52261186681912500e-05        88.979       120.552             4.792          270.5304               1.7               1.7
    90        20    1.52261186681912500e-05        88.535       115.754            4.4816          252.1365            1.7618            1.7618
    91        15    1.52261186681912500e-05       89.6263       127.804             4.411          255.3737            1.7518            1.7518
    92        21    1.52261186681912500e-05       89.0544       118.871            4.5287          272.3846            1.7272            1.7272
    93        20    1.52261186681912500e-05       88.7298       123.107            4.6162          291.4388            1.7766            1.7766
    94        22    1.52261186681912500e-05       90.9212       122.362            4.8585          278.5607            1.7969            1.7969
    95        23    5.07537288939708307e-06       87.8306       120.675            4.7867          253.4534            1.6892            1.6892
    96        22    1.03999187512367983e-05       88.6605       116.222             4.553          270.5993             1.712             1.712
    97        21    1.03999187512367983e-05       88.3239       117.392            4.7744          276.0489            1.7409            1.7409
    98        21    1.03999187512367983e-05       88.5129        112.24            4.4197          269.9009            1.6998            1.6998
    99        19    1.03999187512367983e-05       88.4147       118.299            4.4539          274.9729            1.5938            1.5938
   100        21    1.03999187512367983e-05       89.2763       113.215            4.6522          264.4331            1.6866            1.6866
   101        19    1.03999187512367983e-05       89.7335       111.625            4.3721          263.6454            1.8137            1.8137
   102        20    1.03999187512367983e-05        88.972       117.626            4.7755          251.1894            1.7547            1.8566
   103        21    1.03999187512367983e-05       88.8078        118.19            4.7317          260.7369            1.8212            1.8212
   104        24    1.03999187512367983e-05       88.0186       121.446            4.6954          254.2339            1.7045            1.7967
   105        21    1.03999187512367983e-05        92.736       114.269            4.7568          262.5755            1.7901            1.8404
   106        24    3.46663958374559958e-06       88.1782        112.98            5.1498          257.2024            1.7502            1.7502
   107        22    8.66659895936399895e-07       89.8182       105.157            4.6399          230.6091             1.721             1.721
   108        44    2.16664973984099974e-07       88.2383       120.492            5.2632          240.8774            1.6172            1.6172
   109        38    5.41662434960249935e-08       90.4816       119.335             5.372          281.6818            1.7426            1.7426
   110        41    1.35415608740062484e-08       89.9604       105.561            5.7889          282.9086            1.7845            1.7845
   111        38    3.38539021850156209e-09       88.8482       108.745            6.1167          263.7195             1.722             1.722
   112        43    8.46347554625390523e-10       91.3466       103.254            6.2513          231.0895            1.8833            1.8833
   113        40    2.11586888656347631e-10       88.0053       123.663            6.4815           248.804            1.6839            1.6839
   114        24    4.23385849779123538e-10       89.3842       114.073            6.9786          259.0912            1.8427            1.8427
   115        40    1.05846462444780884e-10       88.3582        113.77            6.9703          238.1985            1.7125            1.7125
   116        42    2.64616156111952211e-11       87.4688       117.739            6.7203          261.8358            1.8403            1.8403
   117        24    1.05855638657270579e-10        88.562       123.935             6.359          236.0397            1.9235            1.9235
   118        45    2.64639096643176449e-11       87.8908       113.843            6.7789          254.7542            1.7601            1.7601
   119        25    5.29278193286352897e-11       89.4021        112.29            6.6222          241.4246            1.7672            1.7672
   120        24    5.29278193286352897e-11        89.932       104.759            6.5715          225.1284             1.924             1.924
   121        45    1.32319548321588224e-11       88.5259       116.094            8.0001          226.0956             1.789             1.789
   122       156    3.30798870803970561e-12       88.3634       112.315            7.4556          222.8236             1.807             1.807
   123        23    3.63898537675926108e-11       87.7747        124.49            7.3267          233.1927             1.788             1.788
   124        44    9.09746344189815270e-12       89.3048       107.423             7.336          227.0329            1.6699            1.6699
   125        23    3.86654264555204438e-11       88.9163       111.308            7.0781          243.1797            1.7681            1.7681
   126        23    3.86654264555204438e-11       87.9619       112.451            6.7145          226.2452            1.6722            1.6722
   127        24    3.86654264555204438e-11        88.325       121.506            7.3865           207.078            1.7669            1.7669
   128        23    3.86654264555204438e-11       89.1676       117.344            6.9167          215.8677            1.8327            1.8327
   129        22    3.86654264555204438e-11       89.1808       121.698            7.1553          223.1009            1.8342            1.8342
   130        43    9.66635661388011095e-12       88.5187       121.209            7.7032          213.0381            1.8067            1.8067
   131       152    2.41658915347002774e-12        89.278       102.701            7.5862           221.405            1.8121            1.8121
   132        89    2.41658915347002774e-12       87.7076       121.722            8.2021          249.3478            1.8058            1.8058
   133        90    8.05529717823342579e-13         89.18       112.752             8.194          234.6217            1.7206            1.7206
   134        77    8.05529717823342579e-13       87.9422       127.348            8.1497          226.6631            1.9005            1.9005
   135       113    8.05529717823342579e-13       87.1838        114.38             7.735          213.4516            1.9047            1.9047
   136       152    2.01382429455835645e-13       92.0044       98.5187            7.0772          213.3169            1.7731            1.7731
   137        46    5.03456073639589112e-14       89.6987       122.325             7.262          192.4309            1.6524            1.6524
   138        43    1.25864018409897278e-14        88.798       109.957            7.3856          163.2766            1.8776            1.8776
   139        30    3.14660046024743195e-15       90.1214       103.541            6.6759          175.2764            1.7575            1.7575
   140        41    7.86650115061857988e-16       87.8544       119.167            7.1492          166.5949            1.7938            1.7938
   141        44    1.96662528765464497e-16         89.49       101.327            6.9405          169.9148            1.7717            1.7717
   142        44    4.91656321913661242e-17       89.7873       99.5586            7.1891          155.5769            1.6508            1.6508
   143        33    1.22914080478415311e-17       88.2877       112.657            7.2371          197.1119            1.8991            1.8991
   144        34    3.07285201196038276e-18       89.1036       113.074            8.0351          163.8844            1.7917            1.7917
   145       157    7.68213002990095691e-19        88.147       110.738            7.6314          149.6352            1.7848            1.7848
   146       146    1.92053250747523923e-19       88.0765       125.406            8.0055          155.3112            1.8646            1.8646
   147       136    4.80133126868809807e-20       88.5983       125.323            6.9312          168.3848            1.7368            1.7368
   148        28    1.20033281717202452e-20       89.4117       102.547            7.4631          160.3324            1.6265            1.6265
   149        31    3.00083204293006129e-21       88.2103       119.525            7.1146          160.2572            1.7952            1.7952
   150        31    7.50208010732515323e-22       88.2591       120.973            7.0618           162.957            1.7735            1.7735
   151        31    1.87552002683128831e-22       87.8955       118.226            6.6461          161.2144            1.6558            1.6558
   152        32    4.68880006707822077e-23       88.6767       110.403            7.4808          170.2095            1.7432            1.7432
   153        28    1.17220001676955519e-23       89.7085       107.676            7.0339          158.3043            1.7343            1.7343
   154        32    2.93050004192388798e-24       88.8026       106.621            7.4409          165.1408            1.7494            1.7494
   155        33    7.32625010480971995e-25       87.5951       118.378            7.0684           168.031            1.8593            1.8593
   156        31    1.83156252620242999e-25       89.0449        122.32            7.4365          167.5504            1.9031            1.9031
   157        36    4.57890631550607497e-26       88.2199       105.382            6.8509          177.8623            1.8776            1.8776
   158        35    1.14472657887651874e-26        90.448       119.298            7.5257          148.7685            1.8111            1.8111
   159       128    2.86181644719129686e-27        87.266       123.852            8.4192          143.7464            1.7484            1.7484
   160       135    7.15454111797824214e-28       89.2872       102.959            8.3941          138.2261            1.7808            1.7808
   161       128    1.78863527949456054e-28       87.1294       112.054            7.9997          150.8575            2.0578            2.0578
   162       104    4.47158819873640134e-29        89.671       98.4805          8.226501          124.1607            2.0403            2.0403
   163        95    1.11789704968410033e-29        92.743       109.312            7.9217          152.9398            1.9433            1.9433
   164        88    1.11789704968410033e-29       90.0971       112.764            8.2153          135.4953            2.0443            2.0443
   165       107    2.79474262421025084e-30       88.5768       112.388          8.656699          126.0174            2.1902            2.1902
   166       123    6.98685656052562709e-31       87.7073       123.855            8.8937          126.7689            2.3724            2.3724
   167       120    1.74671414013140677e-31       87.9406       109.698          9.266601          114.2118             2.314             2.314
   168       122    4.36678535032851693e-32       93.5878       109.542            9.0359          123.7738            2.2648            2.3408
   169       102    4.36678535032851693e-32       88.9018       118.987            9.0942          115.8147             2.212             2.212
   170       107    2.18339267516425847e-32       87.9956       110.289            9.7746           78.1825            2.5592            2.5599
   171       136    5.45848168791064617e-33       100.545       98.7071           10.0224             77.52            2.1014            2.6737
   172       102    1.36462042197766154e-33       88.8034       104.263          9.757299           92.8993            2.1537            2.8453
   173        94    1.70577552747207693e-33       89.7607       100.351            9.4281           97.7451            2.6749            2.6749
   174       107    1.70577552747207693e-33       87.6735       120.172             9.828           90.9298            2.4961            2.4961
   175       113    1.70577552747207693e-33       87.4234       119.328           10.7552           70.3372            2.1215            2.9562
   176       174    5.68591842490692280e-34       88.7988       114.711            9.9307           98.6645            2.5492            2.8401
   177       121    5.68591842490692280e-34       87.5301       120.678           10.1281          101.3661            2.4468            2.5736
   178       119    5.68591842490692280e-34       99.1025       100.915           10.6263          111.6864            2.4439            2.6522
   179       170    5.68591842490692280e-34       89.3892         107.1           10.2927           93.1919          2.065101             2.527
   180        82    5.68591842490692280e-34       88.3898       110.924           10.1137           93.2645            2.6262            2.6262
   181       123    1.16346328593213242e-33       87.9976       118.649             10.07           90.1763            2.2778            2.6854
   182       101    1.16346328593213242e-33        87.964       119.103           10.3208           85.6491            2.3632            2.7119
   183       100    1.16346328593213242e-33       89.6237       112.895           10.1884           81.7209            2.5051            2.5982
   184       122    3.87821095310710807e-34       87.7823        124.07           10.2453           83.1429            2.5629            2.7613
   185       121    3.87821095310710807e-34       87.8151       118.485           10.0057          86.49841            2.2826            2.7835
   186        94    8.27808972029826126e-34       87.5111       114.293          9.802299          120.6884            2.2543            2.3905
   187        94    2.75936324009942028e-34       88.2152       124.785            9.9441          112.7998          2.331901            2.5237
   188       101    4.68698167537373007e-34       87.6872         120.8           10.1183           92.5937          2.640201            2.6608
   189       119    4.68698167537373007e-34       88.6246        120.75           10.4294          96.19279            2.5318            2.7498
   190       130    4.68698167537373007e-34       87.9427       108.088           10.4312           79.2618            2.1879            2.6431
   191        98    1.56232722512457669e-34       89.1018        118.56          9.773001           70.4962          2.951601          2.951601
   192       144    3.90581806281144173e-35       87.7287       115.926            9.8564          65.58089          2.714601          2.714601
   193       129    1.55366621052654490e-34         91.67       116.888          9.962603           84.0444            2.5881            2.5881
   194       117    2.41940009865665930e-34       92.2488       110.409            9.9055            99.622          2.911701          2.911701
   195       136    2.41940009865665930e-34       87.4932       114.643           10.3311            63.369            2.5901            2.6094
   196       120    2.41940009865665930e-34       89.3974       109.998              10.2           82.4928            2.3883          2.776098
   197       124    2.41940009865665930e-34       90.1868        103.38          9.077501           47.9146          2.640499          2.640499
   198       155    6.04850024664164826e-35       87.8904       121.776          9.704802           69.7353          2.113501            2.4956
   199        77    2.01616674888054951e-35       89.7729       110.121          9.373899           57.9563          2.762499          2.909199
   200       137    1.15658560191780293e-34       89.6694        122.73            9.2542           65.1228            2.5422            2.5422
   201       115    1.15658560191780293e-34        93.759       105.458          9.154598           60.7255          2.606102          2.606102
   202       104    2.81129894205781677e-34       88.3592       123.089          9.532097          75.61069          2.344597          2.689297
   203        98    9.37099647352605624e-35       90.6606       105.621          9.924099            73.013          2.330299          2.629299
   204       117    9.37099647352605624e-35       102.006       99.8439          9.664898          86.74811          2.440498            2.7733
   205       118    4.80284523246422611e-35        88.633       111.309          9.295597          67.40779          2.628201          2.628201
   206       129    4.80284523246422611e-35       88.8353       99.1448           10.2297          75.45589            2.6754          2.824104
   207       127    4.80284523246422611e-35       88.6528       121.929          9.694496           86.6793          2.351997          2.506699
   208       109    1.04307367976665312e-34       88.5555       119.597          9.510696           80.3256          2.698601          2.698601
   209       130    1.04307367976665312e-34       88.5017       116.839          9.305099           73.3082          2.777695          2.777695
   210       149    1.04307367976665312e-34       87.2488       115.725          9.019493           45.9119          2.947197          2.947197
   211       145    5.21536839883326560e-35       87.3702       118.877          8.710899          75.62689          2.538994          2.538994
   212       123    5.21536839883326560e-35       87.5012       115.472          8.719604          79.12859            2.7668            2.7668
   213       140    1.73845613294442178e-35       89.8919       100.816          9.563797           52.2749          2.767899          2.767899
   214       163    4.34614033236105444e-36       87.8062       116.955          8.894699          53.94591          2.546104          2.546104
   215       123    6.66067961423012876e-35       87.7224        119.24          9.420197          54.20969            2.7397            2.7397
   216       143    8.90587801763955977e-35       88.4158       117.609          9.610603           58.9393          2.720604          2.720604
   217       139    8.90587801763955977e-35        87.272       120.714          9.373901           63.7969          2.694206          2.694206
   218       137    2.96862600587985308e-35       87.3223       112.773          9.308899            58.323          2.452103          2.452103
   219       118    5.93725201175970615e-35       88.7584       107.636          9.340698           73.0071          2.841805          2.841805
   220       147    5.93725201175970615e-35       88.7521        113.72          9.433701          59.86861          2.109406          2.482605
   221        88    5.93725201175970615e-35       92.0905       105.414          9.164101            57.525          2.562798          2.592499
   222       120    5.93725201175970615e-35       89.4216       117.023          9.974403           59.6535          2.262505          2.456001
   223        99    2.03584872763071580e-35       90.0325           119          9.195793           75.0579            2.8004            2.8004
   224       135    4.49588018700826287e-35       91.7973       101.516          9.237602           73.1142          2.676598          2.676598
   225       135    4.49588018700826287e-35       88.6273       106.412            9.3573           85.3412          2.491501          2.491501
   226       120    4.49588018700826287e-35       87.6571       122.326          10.07861          67.62901          2.555504          2.637604
   227       129    4.49588018700826287e-35       88.8511       117.268          9.963898           66.0222          2.962196          2.962196
   228       170    1.12397004675206572e-35       88.8959       109.222           10.0985             57.68          2.746201          2.746201
   229        99    3.69161624759754651e-35        87.393       120.765          9.348396           61.6154          2.233696          2.433098
   230        90    3.69161624759754651e-35       88.9776       110.418           10.0643           48.6473          2.831299          2.831299
   231       104    3.69161624759754651e-35       88.5663       124.925           10.0968           49.6693          2.707901          2.906395
   232       150    9.22904061899386627e-36       87.4418       120.231          9.750099           74.4182          2.113899            2.6632
   233        77    9.22904061899386627e-36       89.4092       109.848            9.7593           72.2954          2.663803          2.663803
   234       100    5.39181442939426600e-35        89.933       95.0544           10.4958           75.3707          2.595795          2.809601
   235       157    1.34795360734856650e-35       88.4054       106.256           10.3364           51.1457          2.087708          2.740303
   236       167    3.36988401837141625e-36       87.9828        105.53           10.9988           23.4255          2.215599          2.526497
   237       200    8.42471004592854063e-37       87.4415       116.014           11.0873           45.5071          2.479095          2.501495
   238       182    2.10617751799322553e-37       88.7142       116.328          11.11191           24.1772          2.548203          2.548203
   239       196    2.10617751799322553e-37        87.541       115.924           10.7341          26.90041          2.503403           2.93071
   240       203    4.73889940734589479e-37       87.3736       117.991          11.30611           28.4519          2.480408          2.656906
   241       192    1.18472485183647370e-37       87.7283       113.854           11.2234          1.074493          2.375092          2.441406
   242       327    2.96181212959118424e-38       88.2881       111.995           11.2202           39.2307          2.525299            2.5625
   243       202    2.96181212959118424e-38       88.6845       107.424          11.02339          7.277496          2.254791          2.723099
   244       326    7.40453032397796061e-39       90.3723       104.499           11.5276         -5.218201            2.4841            2.4841
   245       313    1.85113258099449015e-39       87.9034       114.287           11.3829          -17.7828          2.122696          2.348602
   246       321    4.62783145248622538e-40       88.0504       116.274           11.7287          -53.5154          2.264999          2.385086
   247       345    1.15695786312155635e-40       88.8338        114.79           11.5549         -36.37771          2.310287           2.33989
   248       241    1.15695786312155635e-40       88.5006       114.516          11.98349          -13.5326          2.172897            2.6409
   249       250    5.78478931560778173e-41       89.5381       112.845           11.7303          -31.5839          2.301804          2.449799
   250       244    1.15695798323114461e-40       90.6327       101.909           12.2702         -43.47211          2.165604          2.756195
   251       249    2.09698669040152645e-40       88.6089       114.755          11.84969          -45.0802          2.147102          2.539101
   252       235    5.24246672600381612e-41        92.914       112.818           11.6994          -36.5308          2.196503          2.601395
   253       250    1.04849334520076322e-40       90.9841       116.664          11.58049         -34.59211          2.197098          2.377686
   254       261    6.98995563467175448e-41       88.5909       116.991          11.81531         -42.40919          2.157806          2.480606
   255       252    4.65997042311450265e-41       87.8246        121.05           11.4445          -35.5406            2.6577            2.6577
   256       342    1.16499260577862566e-41       88.3739       116.027           11.2475          -28.5322          2.480896          2.480896
   257       261    3.14927996496753067e-41       88.9768        100.91           11.4438         -36.36309            2.4104          2.516998
   258       257    3.14927996496753067e-41       87.7891       112.333           12.4402         -48.68919          2.474106            2.6371
   259       334    7.87319991241882669e-42       88.1319       106.434           12.3477           -33.446          2.141296          2.462204
   260       256    2.38468322781278524e-41       89.3563       114.438            12.638         -49.17001            2.4496            2.4496
   261       244    7.94894409270928412e-42       90.4802       108.471          12.35539         -39.55861          2.129791          2.544296
   262       276    7.94894409270928412e-42       97.0432       120.112          11.96629           -21.719          2.611298          2.613892
   263       352    1.98723602317732103e-42       91.9546       122.546          12.29041         -28.67819          2.414001          2.549805
   264       269    9.74054153987208556e-42        90.329       102.476          12.26331          -44.5497            2.0289          2.655899
   265       284    9.74054153987208556e-42       89.0562       126.003          12.05661         -40.86099          2.076813          2.760208
   266       362    2.43513538496802139e-42       87.7461       123.033           12.5007         -32.15611           2.36499          2.683395
   267       269    4.79169921970810787e-42       89.0488       113.638          12.13651          -46.4509          1.754303          2.428711
   268       242    1.19792480492702697e-42       88.5541       102.016          12.11909           -43.684          1.994202          2.644699
   269       277    1.19792480492702697e-42        89.226       104.127          12.31979         -66.08121          1.942902          2.490799
   270       272    1.19792480492702697e-42       88.3367       115.406           12.1743         -46.87499          2.335602          2.596313
   271       264    5.98962402463513483e-43       90.3646       116.915          12.59239          -32.3316          2.165802          2.597794
   272       270    5.98962402463513483e-43       90.6503       114.233           12.7146         -45.37059          2.129105          2.435806
   273       250    5.98962402463513483e-43        88.052       116.194           12.3046          -47.1254          2.199005          2.329697
   274       256    6.09121526473489986e-43       98.0468       122.278          12.53979          -50.1986          2.460907          2.460907
   275       255    6.09121526473489986e-43       87.8228       118.718            12.927         -48.88369          2.381714          2.443512
   276       339    1.52280381618372497e-43       89.1447       118.097           12.2368         -72.00361          2.514496          2.514496
   277       267    6.66312504464776812e-43       88.8228       96.8582           12.2897          -38.8047          1.962006          2.618896
   278       268    3.55522271543302640e-43       87.6959        111.11           12.7364          -54.6822          2.453995          2.516693
   279       334    8.88805678858256599e-44       87.2571       112.434           12.9776          -69.3839          2.317902          2.677399
   280       351    2.22201419714564150e-44       88.1948       118.643           12.5956         -83.31161            2.3573          2.656494
   281       265    5.55503549286410374e-45       93.4215         114.4          13.31821         -94.15019            2.2388          2.872711
   282       336    1.38875887321602594e-45        87.576       119.628          12.77101         -68.70219          2.548401          2.646011
   283       247    1.28525419421665657e-43       88.0435       98.3907           13.0739         -85.54581          2.028992          2.767593
   284       309    3.21313548554164143e-44       88.4439       105.719           12.9025          -79.7645          2.344299          2.714294
   285       240    3.21313548554164143e-44       89.1478       110.161          13.38231          -87.8493          2.033508           2.80571
   286       240    3.21313548554164143e-44       87.7474       116.766            13.448          -92.5239          2.336502          2.736008
   287       337    8.03283871385410357e-45       89.0058       108.875           13.5889         -105.9673          2.233688          2.750092
   288       343    2.00820967846352589e-45       90.2764       105.195          13.16629          -99.6015          2.163696          2.455887
   289       239    4.01641935692705178e-45       92.5112       111.874          12.71739         -93.45461          2.176697          2.738495
   290       340    1.00410483923176295e-45       90.9788       120.459          13.03011          -88.6029          2.095108          2.708496
   291       211    1.00410483923176295e-45        99.302       115.928           11.9977         -96.46329          2.746902          2.746902
   292       319    2.51026209807940736e-46       88.4519       121.357           12.6487         -91.94481          2.605698          2.605698
   293       227    2.53294290030473239e-46       117.914       131.668           11.8194          -93.3383          2.471695          2.471695
   294       240    5.55552874712307333e-46       145.013       129.408           11.3645          -86.8133          2.736496          2.736496
   295       235    5.55552874712307333e-46       141.231       121.056          11.80751         -84.98389          2.731201          2.845612
   296       240    5.55552874712307333e-46       121.121       111.034          10.89931          -76.1513          1.776703          2.873901
   297       227    5.55552874712307333e-46       115.831       142.496          12.37581          -94.6781          1.758209          2.777908
   298       230    3.70368583141538196e-46       117.894       130.437           11.7605          -95.9787          1.665298          2.806305
   299       241    3.70368583141538196e-46       141.276       117.202           11.7951          -89.7206          2.667801          2.772995
   300       248    3.70368583141538196e-46       122.032       134.973           11.0573         -113.4492          2.908203          3.598297
   301       272    3.70368583141538196e-46       122.679       141.031          11.75761         -111.0352          2.842102          2.842102
   302       228    3.70368583141538196e-46        115.07       128.155            10.548         -96.64839          2.751907          2.751907
   303       233    2.46912388761025464e-46       122.818       128.051           11.0063          -91.1973          3.126694          3.126694
   304       261    1.10129311608358058e-46       136.789       123.489          12.07761         -87.69049          2.530502          2.553604
   305       250    1.10129311608358058e-46       129.349       132.661           11.9939         -101.9747          2.620895          2.935898
   306       245    5.50646558041790290e-47       115.829       125.528           11.4458         -110.2936            2.8349            2.8349
   307       244    1.47764480739055896e-46       115.458       144.772          12.25711         -121.7834          3.033707          3.033707
   308       269    2.05795092244182111e-46       115.228       139.235          12.24539         -104.1477          2.825394          2.825394
   309       242    2.05795092244182111e-46       125.063       124.523          13.18269         -105.4396          2.338303          3.275497
   310       260    2.05795092244182111e-46       133.986       122.212           11.8405          -98.5013          2.763092          2.882889
   311       250    2.05795092244182111e-46       133.368       125.139          14.36639         -130.7831          3.352997          3.352997
   312       257    2.05795092244182111e-46       139.621       123.521          14.66609         -144.3438          3.228897          3.228897
   313       340    5.14487730610455278e-47       149.808       131.526           14.7587         -89.33139          3.550705          3.753311
   314       290    1.31695128840803477e-47       137.222       140.383           14.3037          -49.2699          1.958298          3.501495
   315       270    6.24939256944701548e-47       133.202       140.107           14.4753          -81.3386          2.814499          3.756699
   316       284    1.56234814236175387e-47       129.653       130.545          13.76271         -40.41809           1.86731          3.746002
   317       280    5.08012222753272025e-48       125.251       120.397           13.8324          -62.7924          1.948593          3.906189
   318       279    1.27003055688318006e-48       127.589       135.756          13.14641         -29.90479            1.9841          4.078003
   319       268    1.27003055688318006e-48       153.321       134.862           13.9496         -41.45031            2.1017          4.602386
   320       283    1.27003055688318006e-48       133.766       126.658            13.905          -21.4747          1.781799          4.805801
   321       307    1.27003055688318006e-48       125.532       129.064          12.84531          -21.2886          2.202606          4.347397
   322       280    4.23343518961059996e-49       119.004        134.52          13.65651          -28.6597          1.887909          4.975006
   323       295    4.23343518961059996e-49       120.208       128.244           14.2471         -26.44571          1.901093          4.458099
   324       306    4.23343518961059996e-49       117.506        136.59          14.77501         -1.461487          2.246613          4.960403
   325       296    1.15757993465914834e-49       119.279       135.959           13.5981           -5.7724          2.184799           5.18631
   326       301    1.15757993465914834e-49       114.464       132.363           15.1909          -20.4214          2.060104          5.016296
   327       296    2.21827116525747816e-49       115.387       122.385           12.9966          -27.5172          2.013397            4.9216
   328       299    2.21827116525747816e-49       123.746       130.015            13.722          -28.6665          1.877899          4.659805
   329       295    2.21827116525747816e-49       123.494       132.089           15.5396         -19.09821          1.794495          4.562805
   330       302    7.39423721752492753e-50       127.421       136.738          14.79271         -43.91039          1.910812            4.7948
   331       305    1.43781593421206480e-49       126.632       127.453            13.564          -39.5106            2.3806          5.291794
   332       323    3.59453983553016200e-50       127.259       132.223          13.99271           -36.699          1.806396          4.843796
   333       310    3.59453983553016200e-50       126.321        135.66           14.6889          -37.5844          1.967499          4.922195
   334       308    1.44744042001494835e-49       118.995       131.638           14.2662          -54.5239          1.889404          4.626801
   335       304    3.61860105003737087e-50       118.403       134.239           15.4502          -17.5238          2.048004            4.4814
   336       311    3.61860105003737087e-50       114.881       140.626           14.0031         -46.08871          2.193787          4.171387
   337       292    3.61860105003737087e-50       141.109       139.717           15.2041          -52.0516          2.102798          3.969498
   338       284    1.18949719178280153e-49       132.019       138.349           14.3364          -22.9682          2.023499          4.328003
   339       280    2.49517017488825770e-49       92.9603       175.047           13.6445          -37.0929          2.321304          5.030899
   340       305    8.31723391629419202e-50       89.6234       153.508           14.1208         -19.72279          1.891708           4.86731
   341       301    2.07930847907354801e-50        89.804       168.834          13.21539          4.744797          1.952286          4.831787
   342       288    4.55268239229482974e-50       96.5677        153.19          12.53549          3.069595          2.076187          4.750793
   343       295    2.27634119614741487e-50       106.243       155.765          12.07161         -1.416794          1.842514          4.280014
   344       281    7.09248756801600171e-50       91.4818       161.493           12.1127          9.491898          2.129898          4.625702
   345       298    1.77312189200400043e-50       90.0118       137.178          13.63501         -22.57929          1.981812           4.62001
   346       305    4.43280473001000107e-51       87.7139       168.993          13.58411          -24.4583          2.578598          5.037201
   347       305    1.10820118250250027e-51       102.542       167.018            12.342         -5.505005            3.5065          5.317291
   348       310    2.77050295625625067e-52       90.3576       138.758          12.49379          3.582489           2.46109          4.849197
   349       316    2.77050295625625067e-52       90.4252        157.56            11.834          -13.0347          4.707703          5.079102
   350       323    9.23500985418750161e-53       92.3807       164.121           10.6846          -47.8754          4.845795          4.943298
   351       320    9.23500985418750161e-53        89.912        159.83           11.6122           -68.605            4.2397            4.2397
   352       298    9.23500985418750161e-53       89.8416       166.537           12.8623         -54.15511          4.566895          4.566895
   353       298    9.23500985418750161e-53       87.3169       167.919           12.8399          -47.6189          5.037201          5.037201
   354       282    3.07833661806250069e-53         88.57       147.009          13.36261         -28.01309          4.722412          4.722412
   355       295    1.53916830903125035e-53       89.0248       162.193           12.7469         -26.81829          4.882004          4.882004
   356       296    1.53916830903125035e-53        89.372        147.51           13.1821          -46.4826          5.041702          6.996399
   357         9    5.13056103010416782e-54       98.6802        163.78           12.0407          -13.4818          3.035904          6.326096
   358        10    5.13056103010416782e-54       94.8876       152.625          13.35451          -27.0762          4.995697          6.304306
   359        10    5.13056103010416782e-54       97.3675       152.704           14.5547         -23.07639          5.437103            6.3293
   360         7    5.13056103010416782e-54       101.686       108.535          14.14731          -14.5808          4.289307          7.331711
   361         6    5.13056103010416782e-54        100.51       146.767          13.57039         -29.71901          5.538193          6.800186
   362         7    5.13056103010416782e-54       102.508       150.304           12.2121         -20.79311          5.157104          6.088394
   363         5    1.71018701003472261e-54       94.5103       151.161          12.28059          -11.6778          3.511398          5.954895
   364       310    4.27546752508680652e-55       90.0753       131.839           13.0282         -7.491409          2.730103          5.745499
   365       309    1.06886688127170163e-55       90.6021       144.296           15.0051           16.3098          3.110901          7.545303
   366         8    5.35660244076854025e-55       107.254       164.375          14.46309          19.93579          2.761292          6.344391
   367         9    1.33915061019213506e-55       97.6732       155.242          14.46739          40.13939          4.553101            6.4077
   368        12    6.69575305096067531e-56       101.594       154.623            16.868           46.8362          5.479996          6.768799
   369        11    6.69575305096067531e-56       102.274       134.343           16.3961          44.01491          5.847397          6.352097
   370        11    2.23191768365355829e-56       97.6312       121.392           17.2541          22.34151          6.766495          6.766495
   371        14    5.57979420913389571e-57       95.7695       163.916          19.50529           46.3734            5.7556          7.644897
   372        13    1.39494855228347393e-57       94.5085       161.308          20.97501           39.5148          8.024902          8.936401
   373        15    2.78989710456694786e-57       106.734       156.861          21.41241          36.37811          7.675507          9.148102
   374        18    2.78989710456694786e-57       92.0031       153.765           23.6377           43.3576          7.451294          7.709305
   375        16    2.78989710456694786e-57       87.4597       147.844           23.8591           39.8652          7.275009          7.275009
   376        15    2.78989710456694786e-57       98.9945       155.822           25.9474          24.99809          10.53419          10.53419
   377        13    2.78989710456694786e-57        96.193       144.657           28.3873           17.6647          13.44209          13.44209
   378        19    2.78989710456694786e-57       97.2884       151.074           29.1506           15.1008          14.96609          14.96609
   379        18    2.78989710456694786e-57       103.478       149.828          29.42929          18.27789           15.1664           15.1664
   380        19    7.01106955067157037e-58       94.0204       158.163           29.3593           10.0356           14.9193           14.9193
   381        17    7.01106955067157037e-58       89.7006       139.969          29.10451           13.1143           15.6438           15.7847
   382        19    7.01106955067157037e-58       96.1664       117.211           28.4019          13.66989          15.86729          15.86729
   383        18    7.01106955067157037e-58       100.612       170.787           29.8936           24.9771          12.36549          12.36549
   384        20    2.33702318355719024e-58       97.1531       159.251          28.16989           29.8499           10.7968           10.7968
   385        18    4.67404636711438048e-58       90.2163       144.197           26.2383           43.9337          8.167404          8.167404
   386        18    4.67404636711438048e-58       104.291       161.041           29.0907           28.3868           9.35051           9.35051
   387        21    4.67404636711438048e-58       97.0258       166.299           26.1801           26.7605          9.141693          9.340897
   388        19    1.55803910595821412e-58        98.508       151.224           26.5764           54.8409           7.15799           7.15799
   389        16    1.55803910595821412e-58       89.3184       160.326           26.4162           40.7056          7.745789          7.745789
   390        23    5.19346368652738070e-59       96.2914       144.385           23.2821          43.49071          8.001205          8.001205
   391        22    5.19346368652738070e-59       97.8853       143.309           20.5423          26.94409          8.261597          8.261597
   392        23    5.19346368652738070e-59       95.0993       152.956           20.6655          57.67329          6.749298          6.749298
   393        23    5.19346368652738070e-59       97.1789       154.278          20.06961           26.6528           8.57811           8.57811
   394        21    1.29836592163184517e-59       98.4755       151.536          18.67511          43.46271            6.6595            6.6595
   395        23    6.49182960815922587e-60        96.551       129.301          19.98151           42.5762          6.299301          6.299301
   396        22    6.49182960815922587e-60       94.8796       148.786          21.76311           45.5365          6.550613          7.212006
   397        21    6.49182960815922587e-60       92.8678       160.998          24.34839           33.1628          8.766388            9.5802
   398        22    1.62295740203980647e-60       94.8132       155.115           26.1053          16.25929          13.70239          13.70239
   399        20    1.62295740203980647e-60       99.6655       170.252          26.22949           13.4201           13.9711          14.80899
   400        21    8.11478701019903234e-61       94.5458       121.846          26.22099          16.42369            13.935          14.91469
   401        22    1.20210400437724939e-59       96.2316       168.889          27.10869          10.15059           14.8622          15.39099
   402        22    3.00526001094312348e-60       94.5733       164.445          28.97729          12.40689           15.5567           15.5567
   403        21    3.00526001094312348e-60       90.6294       152.292           31.1674           13.0209          16.34671          17.05591
   404        22    1.00175333698104116e-60       94.9554       149.276          33.87709          16.01419          15.15259           17.3521
   405        21    1.00175333698104116e-60       104.224       153.873           34.6606           13.5369           17.5853           17.5853
   406        21    1.00175333698104116e-60       99.8289       115.174          34.49269          10.05609          17.06589          17.06589
   407        21    1.00175333698104116e-60       90.2825       152.477          33.93481           11.9534          16.19081          16.19081
   408        26    5.00876668490520580e-61       101.577       136.112          34.32021           7.31781           19.1638           19.1638
