# Trace of trajectory ending in n_iter:seg_id 397:334 (endpoint type SEG_ENDPOINT_RECYCLED)
# column  0: iteration (0 => initial state)
# column  1: seg_id (or initial state ID)
# column  2: weight
# column  3: wallclock time (s)
# column  4: CPU time (s)
# columns 5 -- 8: final progress coordinate value
     0         2    0.00000000000000000e+00             0             0                 0          280.9727            1.9041            1.9041
     1         8    8.33333333333333287e-02       88.1004       121.936            0.4654          298.9335            1.6411            1.6411
     2         3    4.16666666666666644e-02       91.4918       113.607            0.4613          288.5667            1.6917            1.6917
     3         2    8.33333333333333287e-02        90.991       108.281            0.6062          290.3643            1.8464            1.8464
     4         6    8.33333333333333287e-02       89.4579       109.194            0.4889          289.5346            1.6306            1.6306
     5         1    9.89583333333333287e-02       92.5338       120.171            0.7558          292.5834            1.8176            1.8363
     6        39    2.47395833333333322e-02       89.8664       125.054            0.7612           293.981            1.7271            1.7271
     7        10    2.47395833333333322e-02       89.2397       101.171             0.946          295.2471            1.6999            1.6999
     8        10    8.81076388888888812e-02       89.7803       110.552            0.8673          298.0417            1.7511            1.7511
     9         6    8.81076388888888812e-02       90.1356       109.887            0.7798          279.2121            1.8048            1.8048
    10         7    8.81076388888888812e-02       90.7637       116.463            0.7303          312.4565            1.7746            1.7746
    11         4    8.81076388888888812e-02       89.1786       103.632            0.9991          297.4266            1.7156            1.7156
    12        12    8.81076388888888812e-02       91.9775       117.661            0.8424          294.2938            1.7723            1.7723
    13        10    8.81076388888888812e-02       88.7301       119.749            0.7799          313.4141            1.7762            1.7762
    14         7    8.81076388888888812e-02        90.001       104.005            1.0034           297.725            1.8288            1.8288
    15        14    2.93692129629629615e-02       89.4712       116.812            0.8321          293.7857            1.6447            1.6447
    16         9    5.56145420780888300e-02       89.0166       116.744             1.485          309.3654             1.782             1.782
    17        16    2.78072710390444150e-02       89.5573       116.528            0.6989          300.7243             1.749             1.749
    18        12    8.63370012353967542e-02       89.9031       120.562             0.891          296.9152             1.826             1.826
    19        42    2.15842503088491885e-02       87.0188       122.921            0.6207          307.1735            1.8569            1.8569
    20         1    9.92982060085108031e-02        91.814       106.631            0.8303          312.2414            1.7096            1.7096
    21         5    9.92982060085108031e-02       90.3827       107.156            0.9323          293.3914            1.7406            1.7406
    22         6    9.92982060085108031e-02       90.5892       118.898            0.8677          304.8876             1.705             1.705
    23         4    9.92982060085108031e-02       90.2113       109.724            0.8293          298.6145            1.8916            1.8916
    24        32    2.48245515021277008e-02       89.8733       113.281             0.608          312.6739            1.7506            1.7506
    25         0    8.53898456174527476e-02       90.9732       101.184             0.623          293.1023             1.748             1.748
    26         1    7.46759621315317423e-02       98.2962       115.738            0.5633          312.6505            1.7056            1.7056
    27         2    6.74944933254866541e-02       96.2679       119.968            0.6571          302.9898            1.6996            1.6996
    28         3    6.74944933254866541e-02       91.7579       115.548            0.8676          299.0872            1.7979            1.7979
    29         8    6.66224641496722114e-02       89.1239       120.346            0.8107          306.2722            1.7896            1.7896
    30        10    6.66224641496722114e-02       89.9062       113.153            0.5586          316.4493            1.8035            1.8035
    31         4    6.24193884643373179e-02       90.5246       117.432            0.5208          301.6944            1.7948            1.7948
    32         1    6.88598738424451712e-02       94.5792       113.298         0.7970999          289.2299            1.8286            1.8286
    33         8    6.88598738424451712e-02       90.2948       117.752            1.2503          305.6441            1.7313            1.7313
    34        13    6.88598738424451712e-02       91.6457       108.762             1.544          298.5783            1.7109            1.7109
    35        16    1.72149684606112928e-02       89.5291       109.554            0.6391          296.8646            1.7263            1.7263
    36         0    5.48408130471471564e-02       90.2735       122.316            0.9871           291.489            1.7996            1.7996
    37        11    5.33686468290736210e-02       89.4218       97.5198             0.518          306.0785            1.7781            1.7781
    38         3    8.30585723627428885e-02       91.6083       113.646            0.7012           286.715            1.6637            1.6637
    39         1    8.30585723627428885e-02       92.5357       113.865         0.9852999          279.9157            1.8129            1.8129
    40         8    8.30585723627428885e-02       90.3461         123.1            0.9883          299.6009             1.717             1.717
    41         7    8.30585723627428885e-02       89.8484       100.126            0.9239          283.8328            1.7751            1.7751
    42         9    8.57679849297060259e-02       89.6186       105.567            1.0332          280.1476            1.7085            1.7085
    43         7    8.57679849297060259e-02       89.1619       116.691            0.7437          271.0683            1.8935            1.8935
    44        44    2.14419962324265065e-02       88.2656       115.582            0.4782          300.8273            1.8639            1.8639
    45         2    5.29542225260125343e-02       91.5311       111.159            1.1564          273.9607            1.5967            1.5967
    46         7    5.29542225260125343e-02        89.464       117.114             1.019          277.4817            1.6914            1.6914
    47         8    5.29542225260125343e-02       88.5754       125.221            1.0478          286.8307             1.868             1.868
    48        35    1.32385556315031336e-02       89.4946       121.883            0.7161          295.4874            1.7507            1.8208
    49         3    6.76688326305171783e-02       90.4951       111.125            1.3977          264.2015            1.7359            1.7359
    50        43    1.69172081576292946e-02       88.2487       118.799            2.5643          289.2991            1.7704            1.7704
    51        20    4.22930203940732365e-03       90.0584       115.679            2.8391           311.856            1.7151            1.7151
    52        24    1.05732550985183091e-03       88.2756       119.175            2.9853          326.2691             1.704            1.7787
    53        22    2.64331377462957728e-04        89.317       113.991            3.5436          302.9237            1.7231            1.7231
    54        19    6.60828443657394320e-05       89.3572       120.753            3.4823           283.707            1.7874            1.7874
    55        22    1.65207110914348580e-05        87.832       114.889            3.1753          297.6796            1.7135            1.7135
    56        20    3.30414221828697160e-05       88.5099       119.579            3.3964           288.003            1.7094            1.7094
    57        14    3.30414221828697160e-05       90.1869       120.221            3.5227          281.8537            1.7266            1.7266
    58        19    3.30414221828697160e-05       90.0468       106.817            3.4273          279.7344             1.683             1.683
    59        21    3.30414221828697160e-05       88.3394       121.086            3.4639           280.432            1.5918            1.5918
    60        20    2.20276147885798107e-05        89.944       123.515             3.668          292.6694            1.6984            1.6984
    61        23    2.20276147885798107e-05       88.8141       118.632            3.5825          278.0026            1.6848            1.6848
    62        24    2.20276147885798107e-05       90.2093       113.852            3.5354          285.5155            1.8343            1.8343
    63        22    2.20276147885798107e-05       88.4294       117.478            3.7657          287.4044            1.7044            1.7044
    64        24    2.20276147885798107e-05       88.2485       121.789             3.947          290.8024            1.8021            1.8021
    65        22    2.20276147885798107e-05        88.074       107.858            3.9282          268.2409            1.7968            1.7968
    66        22    7.34253826285993717e-06       89.5785       117.161              4.23          282.0678            1.8461            1.8461
    67        25    7.34253826285993717e-06        89.561        104.47            3.8648          282.6324             1.711             1.711
    68        18    7.34253826285993717e-06       88.3944       119.814            3.9253          268.8107            1.7753            1.7753
    69        18    1.31936234410764506e-05       91.1263       110.916            4.0351          277.4441            1.8089            1.8089
    70        16    1.31936234410764506e-05        88.474       123.872            4.1618          277.3544            1.7157            1.7157
    71        15    1.31936234410764506e-05        88.369       116.577            4.4143           289.702            1.6649            1.6649
    72        18    1.31936234410764506e-05       89.1505       105.661            4.2449          267.9734             1.872             1.872
    73        19    1.31936234410764506e-05       92.2353       106.526            4.4364          264.9749            1.8148            1.8148
    74        16    1.31936234410764506e-05       88.4447       119.927             4.362           275.153            1.7773            1.7773
    75        18    1.31936234410764506e-05       89.3378       111.446            4.7483          293.7462            1.7666            1.7666
    76        23    7.93342065984004727e-06       89.4399       121.424            4.7662          266.8506             1.704             1.704
    77        17    1.51102298536232201e-05       88.5803       125.699            4.8337          264.2369            1.7471            1.7612
    78        24    7.55511492681161006e-06       88.4265       120.675            4.9553          266.3398            1.8091            1.8091
    79        24    7.55511492681161006e-06       88.5797       112.298            4.7029          269.6888            1.7009            1.7009
    80        18    1.47110041973476445e-05       88.8975        125.33            5.1164          267.0482            1.6613            1.6613
    81        26    4.90366806578254816e-06       89.6163       119.093            4.8646          253.9818            1.6692            1.9533
    82        41    1.22591701644563704e-06       89.3414       117.506            4.9606          251.1254             1.685             1.685
    83        23    7.36516539709257897e-06       87.8842       113.527            5.0945          221.2878            1.7223            1.7223
    84        28    1.84129134927314474e-06       89.0265       105.641            4.8416          254.3204            1.6786            1.6786
    85        21    5.75386770088102969e-06       89.8221       117.288            4.6692          248.3539            1.6858            1.6858
    86        19    5.79217760764495543e-06       89.4032       110.576            4.8049          238.6172            1.6177            1.7528
    87        51    1.44804440191123886e-06       89.5328       127.101            4.5365          258.0776            1.7462            1.7462
    88        23    7.58959486015378447e-06       89.7162       117.261            4.8021          245.3311            1.6452             1.759
    89        20    1.52261186681912500e-05        88.979       120.552             4.792          270.5304               1.7               1.7
    90        20    1.52261186681912500e-05        88.535       115.754            4.4816          252.1365            1.7618            1.7618
    91        15    1.52261186681912500e-05       89.6263       127.804             4.411          255.3737            1.7518            1.7518
    92        21    1.52261186681912500e-05       89.0544       118.871            4.5287          272.3846            1.7272            1.7272
    93        20    1.52261186681912500e-05       88.7298       123.107            4.6162          291.4388            1.7766            1.7766
    94        22    1.52261186681912500e-05       90.9212       122.362            4.8585          278.5607            1.7969            1.7969
    95        23    5.07537288939708307e-06       87.8306       120.675            4.7867          253.4534            1.6892            1.6892
    96        22    1.03999187512367983e-05       88.6605       116.222             4.553          270.5993             1.712             1.712
    97        21    1.03999187512367983e-05       88.3239       117.392            4.7744          276.0489            1.7409            1.7409
    98        21    1.03999187512367983e-05       88.5129        112.24            4.4197          269.9009            1.6998            1.6998
    99        19    1.03999187512367983e-05       88.4147       118.299            4.4539          274.9729            1.5938            1.5938
   100        21    1.03999187512367983e-05       89.2763       113.215            4.6522          264.4331            1.6866            1.6866
   101        19    1.03999187512367983e-05       89.7335       111.625            4.3721          263.6454            1.8137            1.8137
   102        20    1.03999187512367983e-05        88.972       117.626            4.7755          251.1894            1.7547            1.8566
   103        21    1.03999187512367983e-05       88.8078        118.19            4.7317          260.7369            1.8212            1.8212
   104        24    1.03999187512367983e-05       88.0186       121.446            4.6954          254.2339            1.7045            1.7967
   105        21    1.03999187512367983e-05        92.736       114.269            4.7568          262.5755            1.7901            1.8404
   106        24    3.46663958374559958e-06       88.1782        112.98            5.1498          257.2024            1.7502            1.7502
   107        22    8.66659895936399895e-07       89.8182       105.157            4.6399          230.6091             1.721             1.721
   108        44    2.16664973984099974e-07       88.2383       120.492            5.2632          240.8774            1.6172            1.6172
   109        38    5.41662434960249935e-08       90.4816       119.335             5.372          281.6818            1.7426            1.7426
   110        41    1.35415608740062484e-08       89.9604       105.561            5.7889          282.9086            1.7845            1.7845
   111        38    3.38539021850156209e-09       88.8482       108.745            6.1167          263.7195             1.722             1.722
   112        43    8.46347554625390523e-10       91.3466       103.254            6.2513          231.0895            1.8833            1.8833
   113        40    2.11586888656347631e-10       88.0053       123.663            6.4815           248.804            1.6839            1.6839
   114        24    4.23385849779123538e-10       89.3842       114.073            6.9786          259.0912            1.8427            1.8427
   115        40    1.05846462444780884e-10       88.3582        113.77            6.9703          238.1985            1.7125            1.7125
   116        42    2.64616156111952211e-11       87.4688       117.739            6.7203          261.8358            1.8403            1.8403
   117        24    1.05855638657270579e-10        88.562       123.935             6.359          236.0397            1.9235            1.9235
   118        45    2.64639096643176449e-11       87.8908       113.843            6.7789          254.7542            1.7601            1.7601
   119        25    5.29278193286352897e-11       89.4021        112.29            6.6222          241.4246            1.7672            1.7672
   120        24    5.29278193286352897e-11        89.932       104.759            6.5715          225.1284             1.924             1.924
   121        45    1.32319548321588224e-11       88.5259       116.094            8.0001          226.0956             1.789             1.789
   122       156    3.30798870803970561e-12       88.3634       112.315            7.4556          222.8236             1.807             1.807
   123        23    3.63898537675926108e-11       87.7747        124.49            7.3267          233.1927             1.788             1.788
   124        44    9.09746344189815270e-12       89.3048       107.423             7.336          227.0329            1.6699            1.6699
   125        23    3.86654264555204438e-11       88.9163       111.308            7.0781          243.1797            1.7681            1.7681
   126        23    3.86654264555204438e-11       87.9619       112.451            6.7145          226.2452            1.6722            1.6722
   127        24    3.86654264555204438e-11        88.325       121.506            7.3865           207.078            1.7669            1.7669
   128        23    3.86654264555204438e-11       89.1676       117.344            6.9167          215.8677            1.8327            1.8327
   129        22    3.86654264555204438e-11       89.1808       121.698            7.1553          223.1009            1.8342            1.8342
   130        43    9.66635661388011095e-12       88.5187       121.209            7.7032          213.0381            1.8067            1.8067
   131       152    2.41658915347002774e-12        89.278       102.701            7.5862           221.405            1.8121            1.8121
   132        89    2.41658915347002774e-12       87.7076       121.722            8.2021          249.3478            1.8058            1.8058
   133        90    8.05529717823342579e-13         89.18       112.752             8.194          234.6217            1.7206            1.7206
   134        77    8.05529717823342579e-13       87.9422       127.348            8.1497          226.6631            1.9005            1.9005
   135       113    8.05529717823342579e-13       87.1838        114.38             7.735          213.4516            1.9047            1.9047
   136       152    2.01382429455835645e-13       92.0044       98.5187            7.0772          213.3169            1.7731            1.7731
   137        46    5.03456073639589112e-14       89.6987       122.325             7.262          192.4309            1.6524            1.6524
   138        43    1.25864018409897278e-14        88.798       109.957            7.3856          163.2766            1.8776            1.8776
   139        30    3.14660046024743195e-15       90.1214       103.541            6.6759          175.2764            1.7575            1.7575
   140        41    7.86650115061857988e-16       87.8544       119.167            7.1492          166.5949            1.7938            1.7938
   141        44    1.96662528765464497e-16         89.49       101.327            6.9405          169.9148            1.7717            1.7717
   142        44    4.91656321913661242e-17       89.7873       99.5586            7.1891          155.5769            1.6508            1.6508
   143        33    1.22914080478415311e-17       88.2877       112.657            7.2371          197.1119            1.8991            1.8991
   144        34    3.07285201196038276e-18       89.1036       113.074            8.0351          163.8844            1.7917            1.7917
   145       157    7.68213002990095691e-19        88.147       110.738            7.6314          149.6352            1.7848            1.7848
   146       146    1.92053250747523923e-19       88.0765       125.406            8.0055          155.3112            1.8646            1.8646
   147       136    4.80133126868809807e-20       88.5983       125.323            6.9312          168.3848            1.7368            1.7368
   148        28    1.20033281717202452e-20       89.4117       102.547            7.4631          160.3324            1.6265            1.6265
   149        31    3.00083204293006129e-21       88.2103       119.525            7.1146          160.2572            1.7952            1.7952
   150        31    7.50208010732515323e-22       88.2591       120.973            7.0618           162.957            1.7735            1.7735
   151        31    1.87552002683128831e-22       87.8955       118.226            6.6461          161.2144            1.6558            1.6558
   152        32    4.68880006707822077e-23       88.6767       110.403            7.4808          170.2095            1.7432            1.7432
   153        28    1.17220001676955519e-23       89.7085       107.676            7.0339          158.3043            1.7343            1.7343
   154        32    2.93050004192388798e-24       88.8026       106.621            7.4409          165.1408            1.7494            1.7494
   155        33    7.32625010480971995e-25       87.5951       118.378            7.0684           168.031            1.8593            1.8593
   156        31    1.83156252620242999e-25       89.0449        122.32            7.4365          167.5504            1.9031            1.9031
   157        36    4.57890631550607497e-26       88.2199       105.382            6.8509          177.8623            1.8776            1.8776
   158        35    1.14472657887651874e-26        90.448       119.298            7.5257          148.7685            1.8111            1.8111
   159       128    2.86181644719129686e-27        87.266       123.852            8.4192          143.7464            1.7484            1.7484
   160       135    7.15454111797824214e-28       89.2872       102.959            8.3941          138.2261            1.7808            1.7808
   161       128    1.78863527949456054e-28       87.1294       112.054            7.9997          150.8575            2.0578            2.0578
   162       104    4.47158819873640134e-29        89.671       98.4805          8.226501          124.1607            2.0403            2.0403
   163        95    1.11789704968410033e-29        92.743       109.312            7.9217          152.9398            1.9433            1.9433
   164        88    1.11789704968410033e-29       90.0971       112.764            8.2153          135.4953            2.0443            2.0443
   165       107    2.79474262421025084e-30       88.5768       112.388          8.656699          126.0174            2.1902            2.1902
   166       123    6.98685656052562709e-31       87.7073       123.855            8.8937          126.7689            2.3724            2.3724
   167       120    1.74671414013140677e-31       87.9406       109.698          9.266601          114.2118             2.314             2.314
   168       122    4.36678535032851693e-32       93.5878       109.542            9.0359          123.7738            2.2648            2.3408
   169       102    4.36678535032851693e-32       88.9018       118.987            9.0942          115.8147             2.212             2.212
   170       107    2.18339267516425847e-32       87.9956       110.289            9.7746           78.1825            2.5592            2.5599
   171       134    5.45848168791064617e-33       91.5653       110.512            9.2889           82.6416            2.4524            2.8151
   172       107    1.36462042197766154e-33       87.9365       106.366            8.8678           69.5936            2.4266            2.4266
   173       102    4.54873473992553876e-34       88.5874       105.124            8.9682           87.9678            2.1948            2.6633
   174        77    1.66786940463936418e-33       88.1449       110.851          9.315801           60.7752            2.4524            2.5582
   175       112    1.66786940463936418e-33       87.3829       123.901             9.196           68.7322            2.6636            2.6636
   176       121    1.66786940463936418e-33       89.7384        110.26            9.5059           76.8755             2.491            2.6028
   177       116    1.66786940463936418e-33       89.7878       106.969           10.2414            68.756            2.8298            2.8298
   178       136    4.16967351159841046e-34       87.4247       118.387           10.3196           58.6204             2.544          2.657701
   179       127    4.16967351159841046e-34       88.9842       116.859           10.2133           70.5181          2.197801          2.894401
   180       100    8.08022313664507417e-34       88.1194       122.465           10.0377           91.8915            2.5096            2.7703
   181       126    8.08022313664507417e-34        88.929       117.555           10.0307            73.538            2.9343            2.9471
   182       139    2.02005578416126854e-34       87.9875       122.791            9.9805           84.7185            2.3098            2.6506
   183        99    3.26179349865163323e-34       88.1932       119.087          9.940001           64.9342          2.714601          2.714601
   184       140    3.26179349865163323e-34       88.3394       118.453            10.837          73.89349            2.4943            2.8855
   185       189    8.15448374662908308e-35       88.2719       112.993           10.5242           79.4333            2.7748            2.7748
   186       187    2.03862093665727077e-35       87.9584       120.194           10.5674          69.29601            2.3973            2.8524
   187       175    2.87729405432032968e-34       89.4171        103.48           10.5842           75.7176            2.1755            2.5113
   188       172    2.87729405432032968e-34       88.6675       113.025           10.5836           63.0671            2.6039            2.6039
   189       174    2.87729405432032968e-34       88.5622       118.321           11.0653          66.58469             2.681            2.7674
   190       200    7.19323513580082420e-35       86.9117       113.086           10.8469           68.8522            2.5826            2.5826
   191       170    1.80579218678547055e-34       89.2117        113.85           10.5702          71.76559             2.771             2.771
   192       188    4.51448046696367636e-35       89.4006       120.787           10.5968           68.8293          2.789899          2.789899
   193       189    1.12862011674091909e-35        89.349       117.684           10.7237           71.6568          2.641102          2.641102
   194       194    2.82155029185229773e-36       87.6699       118.642           10.8162           47.6574          2.445002          2.674801
   195       171    2.82155029185229773e-36       87.8952       123.133           10.7837           57.7104            2.2242            2.7275
   196       174    1.64590433691384040e-36        88.608       108.678           10.8349           31.7731          2.735899          2.899899
   197       191    4.11476084228460099e-37       89.3829       114.824            10.638            31.505            2.6824            2.6824
   198       164    1.02869021057115025e-37       89.0373         116.5           10.5245           13.9292             2.472             2.472
   199       166    1.02869021057115025e-37       89.1691       116.877           11.0437           20.4576          2.497499          2.852499
   200       203    2.57172552642787562e-38       87.4383       117.113           11.2598           43.6389            2.8269          3.108799
   201       196    6.42931381606968905e-39       88.9158       117.917           11.3094           13.9326          2.383503          2.650402
   202       202    1.60732845401742226e-39       88.1106       115.238           11.4729            24.189          2.433098          2.433098
   203       208    4.01832113504355566e-40        87.963       111.548           11.6642           16.3495          2.414299          2.414299
   204       219    1.00458028376088891e-40       88.1225       118.011           11.6288           33.2287          2.517101          2.857101
   205       216    2.51145070940222229e-41       88.3749        117.81           12.5753           -7.4655          2.296402          2.296402
   206       287    6.27862677350555571e-42       87.9235       122.527           12.1247          2.937401          2.235703            2.4888
   207       302    1.56965669337638893e-42       89.7114       102.803           12.4592           11.2681          2.530098          2.530098
   208       187    3.92414173344097232e-43       87.6952       119.771           12.4822          1.715698          2.074097          2.561897
   209       265    9.81035433360243080e-44        88.365       109.216           12.1183         -3.409103          2.805298          3.048698
   210       296    2.45258858340060770e-44       87.8499       113.591           12.0816          1.884796          2.647293          2.647293
   211       316    6.13147145850151925e-45       87.7944        114.38            12.526          -22.8268          2.655296          2.705795
   212       272    1.53286786462537981e-45       87.4257       109.963           13.4954          -33.0893          2.466698          3.522804
   213       270    3.83216966156344953e-46        89.446       118.387           13.1575          -53.8695          2.601501          3.093094
   214       255    1.91608483078172477e-46       88.2893       114.169           13.4973          -43.3903          2.243805          3.164101
   215       256    6.38694943593908288e-47       87.3979       118.697           13.5718          -27.6253          2.510101            3.0448
   216       240    3.19347471796954144e-47       86.8634       123.619          13.11301          -50.1189          2.157806          3.459702
   217       261    5.58858075644669740e-47        88.336       116.554           13.0949          -41.4824          2.686905          3.457504
   218       264    1.86286025214889905e-47       87.6024       113.216           14.0192          -62.2177          2.315201          3.093903
   219       236    2.98556620768506598e-47       91.0054       111.593           14.3986          -48.1186          2.132904          3.157402
   220       245    7.46807368941835486e-47       88.6688       100.524          14.07401          -36.1815            2.2286          3.470001
   221       261    2.48935789647278479e-47       92.2381       102.529           14.1328          -31.8414          2.303101            3.2537
   222       245    1.24467894823639240e-47       90.5202       110.554           14.4621           -36.934          2.213104            3.1604
   223       236    3.73403684470917743e-47       90.6061       120.865          15.21329         -79.69321          2.051598          2.977493
   224       238    3.73403684470917743e-47       89.8564       106.945           14.7527          -76.9401          2.094398          2.993004
   225       222    3.73403684470917743e-47        88.802       107.592          14.34241          -80.1494          2.012505          3.262505
   226       232    3.73403684470917743e-47       87.7397       118.098          14.70731          -87.9067          2.161201          3.143303
   227       238    9.33509211177294358e-48        89.136       104.362            15.131          -77.2313          2.384697          3.335999
   228       245    1.86701842235458872e-47       88.4667       111.138           15.1722          -71.5212          2.236198          3.533997
   229       203    2.96899552190028283e-47       87.4182       120.049           14.7059          -91.4569          2.031097          4.042603
   230       220    7.42248880475070708e-48       88.7707        124.99           14.3756            -91.96          2.090904          3.744904
   231       207    7.42248880475070708e-48       88.2928       121.744           14.2034          -79.1732          2.184601          3.579399
   232       216    7.24646416080834173e-47       87.3711       115.808           14.5769           -64.575          2.514702          3.214401
   233       219    7.24646416080834173e-47       87.9319       112.704           14.4538          -74.9285          2.220604          4.016403
   234       247    2.41548805360278042e-47       87.5995       120.199          14.75949           -60.579          2.138496          3.175095
   235       246    8.79993096094788305e-47       89.8482       102.157          13.93061          -55.0856          2.079803          3.685104
   236       255    4.39996548047394153e-47       88.3663       121.608          14.83309         -89.71291          2.472099          2.920403
   237       230    1.46665516015798059e-47          87.9       114.956          14.92589         -66.25301          2.284088            4.1884
   238       283    1.46665516015798059e-47       87.4015       120.048           14.0309          -84.7011          2.448898             3.444
   239       269    3.15449204868774733e-47       87.4856       117.024           14.4129         -75.72749          2.320007          3.686508
   240       269    1.49812264504141313e-47        87.463       119.469           14.7047          -69.8696          2.015198          3.796799
   241       287    1.49812264504141313e-47       88.0737       111.205           14.2917          -70.9624          2.475998          3.700394
   242       271    1.49812264504141313e-47        88.051       121.144           14.7243          -78.5347          2.258606          3.692108
   243       281    2.49881123508574637e-47        88.601       119.393          14.66429         -61.26961          2.243698          3.236389
   244       252    5.43747409125874385e-47       90.5169       110.062           13.2688          -58.7076          1.951706            3.5065
   245       242    9.69823587622017825e-47       88.7433       100.439           14.3199          -60.1639          2.425003          3.343201
   246       245    9.69823587622017825e-47       88.0393       116.919           14.6955         -44.79211          2.482697          3.406586
   247       275    9.69823587622017825e-47       88.3646       113.254          14.45529         -29.36641          2.558899          3.566986
   248       259    9.69823587622017825e-47       87.8333       126.029          14.49359          -19.8951          2.637604            4.3069
   249       283    4.74242803273732815e-47       90.9887        109.23           15.1425          -42.8899          2.417297          3.819702
   250       284    3.16161868849155194e-47       89.6149       118.099           13.9964         -37.95341          2.093597          4.139694
   251       289    1.58080934424577597e-47       88.5642       111.213          12.68079           -31.696          1.918495          4.207497
   252       276    3.03934260604826510e-47       88.7854       116.749          12.31689          -15.2976           2.26799          4.245697
   253       288    1.96515643914770482e-47       90.0155        126.08            12.763         -7.162903           2.42099          4.291199
   254       301    1.96515643914770482e-47       88.1064       115.572           12.4024         -7.477798          2.084808          3.753311
   255       276    1.96515643914770482e-47       88.0841       117.835            13.487          -21.4333          1.824997          4.195404
   256       283    1.96515643914770482e-47       87.8968        116.13          12.45531         -8.699402          2.509094          4.016495
   257       302    1.96515643914770482e-47       88.1864       104.113           12.6701        -0.1504974          1.825104          4.498108
   258       294    1.96515643914770482e-47       87.3341       120.426          12.09851          2.993103             1.931          4.557205
   259       304    4.98647699274097815e-48       88.0005       122.756           12.9537          -26.8008          2.072693          4.632904
   260       303    4.98647699274097815e-48       88.5299       117.796          12.66809         -20.73911          1.793594             4.319
   261       297    4.98647699274097815e-48       88.8889       116.054           11.6839           -5.1819          1.925797             3.834
   262       300    8.26241914767909637e-48       97.8457       120.154           12.1274          -17.3307          1.970993          4.278793
   263       316    1.68878104188540714e-47       92.1448        114.04           12.4384          -22.9818          2.137314          4.119614
   264       289    1.68878104188540714e-47        89.486       117.178           12.1734          -20.7932          1.907303            4.1548
   265       323    1.68878104188540714e-47       88.5208       115.691           12.7079         -5.062988          1.897705          4.640701
   266       322    1.68878104188540714e-47       87.6627         125.3           13.2511          1.997101          2.041901          4.657394
   267       310    1.68878104188540714e-47       88.9684       116.333          13.07181         -23.51689          1.895401          4.494904
   268       295    8.44390520942703571e-48       88.5351       117.907           12.5085         -19.65109          1.856094          4.492493
   269       313    8.44390520942703571e-48       89.9832       98.5287           12.6272           -33.733           2.14679            4.0979
   270       298    8.44390520942703571e-48       88.0576       114.491          12.73291         -38.82939          2.308105          4.483704
   271       306    8.44390520942703571e-48       98.5888       106.316           13.0815         -24.70151          1.724396          4.190689
   272       292    8.44390520942703571e-48       92.4539       114.897           12.4292         -17.25449          2.254211          4.101105
   273       291    2.81463506980901190e-48       87.6417       118.087          12.77209         -7.992294          2.299301          4.146301
   274       299    2.81812904753233018e-48       92.5711       119.708           13.6039            -3.194          1.884003          4.091507
   275       302    2.81812904753233018e-48       88.2599        109.23          14.31641         -12.72559          2.364914          4.009613
   276       293    2.81812904753233018e-48       87.7103       117.164           14.5222         -4.977509          2.557602          4.075989
   277       296    5.49880550016384941e-48       88.3063        111.85           14.4604          -12.5484          2.669495          4.775696
   278       306    5.49880550016384941e-48       88.5541       106.448          13.65359         -9.553101          3.519302          4.982697
   279       295    5.49880550016384941e-48       88.5746       112.436          13.98311         -8.773193          3.482208          4.635712
   280       318    1.83293516672128314e-48       94.2728       113.594          14.35489         -2.029709          2.679688          4.030792
   281       297    1.83293516672128314e-48       96.2405       106.763           14.4474          8.809113            2.2258          4.706604
   282       299    1.83293516672128314e-48       87.9554       105.852          14.44571          6.082413          3.075409          4.758209
   283       304    1.83293516672128314e-48       87.2077       112.397          14.35629          7.690201          2.496399          4.134705
   284       259    1.83293516672128314e-48       87.5216       120.007           13.8345         -4.268707          2.975494          4.313797
   285       294    6.10978388907094379e-49       88.1161         116.3           13.2879         -3.006104          3.517105          3.956299
   286       287    6.10978388907094379e-49       89.7652       109.062           14.3519         -7.297592          3.722702          4.650406
   287       300    9.97969136042020413e-49       87.6406       118.639           13.2516         -15.33511          3.252899          3.252899
   288       267    1.34744326280386751e-48       90.5897       115.528          13.63199         -3.837601          3.997787           4.33049
   289       311    4.49147754267955836e-49       90.1205       101.742          14.16969          5.377396          4.733398          5.456299
   290       315    1.16180258882549530e-49       91.8586        110.54           13.3022         -3.376892          5.239197          5.239197
   291       276    5.80901294412747652e-50       90.7952       122.145           14.0444          2.394501          4.770096          4.770096
   292       289    1.45225323603186913e-50       89.7172       119.251          14.01219          4.005096          5.945496          6.364594
   293         5    3.63213025393302647e-51       116.608        112.13          14.13161         -2.033203            5.9086          6.231094
   294         5    1.21108437560768052e-51       128.818        124.36          15.18019         -1.378708          4.773102          6.303299
   295         5    3.02817880272337431e-52       141.165       120.683           14.2043          14.11861          4.993805          6.792206
   296        10    3.02845008974121480e-52       120.071       123.637           13.9295          -14.6405          5.440399          5.917496
   297       324    7.57112522435303701e-53       123.701       123.585          14.19991         -8.801788           4.20401          5.681808
   298       314    7.57112522435303701e-53       131.267       112.752          15.10789          -29.6907            5.0961          5.946503
   299       317    3.97410159206333055e-52       143.268       127.415           13.8311          -26.6767          4.782303          6.302002
   300        15    3.97410159206333055e-52       144.322       132.182          15.35381          -13.6445          4.525101            6.1474
   301        14    3.97410159206333055e-52        127.32       132.671           15.7807          8.519913          5.890015          5.890015
   302       322    9.93525398015832638e-53       116.971       117.563            16.782          -21.5649          5.259003          6.675903
   303        12    1.98705079603166528e-52       115.872        126.02           16.7991         -9.694397          5.003998          6.147003
   304        13    6.62350265343888456e-53       127.073       116.802          18.32581          12.33771          7.063904          8.361603
   305        27    1.65587566335975128e-53       147.309       123.124          16.83839          31.97879          5.299896          6.255188
   306        16    1.65587566335988666e-53         118.7       132.216          17.90289           17.0997          7.068192          7.068192
   307        16    4.13968915839971666e-54       114.964       127.791           17.3172          33.82341           4.51741          4.699402
   308       218    1.03492228959992916e-54       115.035       133.032           19.1828           40.6933          4.904785          4.904785
   309       208    2.58730572399982291e-55       117.613       131.826           22.0647          43.28619          5.188004          5.188004
   310       208    6.46826430999955728e-56       138.888       121.515            22.243          27.06749            5.0672            5.0672
   311       212    1.61706607749988932e-56       130.883       119.502          23.16789           14.1591          5.719696          5.719696
   312       213    4.04266519374972330e-57       130.086       123.923           21.9557           29.1846          4.448593          4.448593
   313       223    1.01066629843743083e-57        140.96       117.264           21.8553           22.3309          5.936203           5.96521
   314       217    2.52666574609357706e-58       138.274       126.645          22.09601           33.6801          4.511703          5.286102
   315       210    6.31666436523394266e-59       130.718       135.405           24.1517           34.7419          5.311996          5.311996
   316       212    1.57916609130848566e-59       133.828       121.447          23.93581           35.5735          5.998703          5.998703
   317       203    3.94791522827121416e-60       142.088       138.978          23.95309          49.22749          2.413788           3.91449
   318       207    9.86978807067803540e-61       129.513       138.267           25.0305           41.2545          4.678009          5.189499
   319       198    2.46744701766950885e-61        150.77       139.843           28.3127          41.12979          5.928299          5.928299
   320       195    6.16861754417377213e-62       137.266       133.166           26.7511           43.1375          5.295609          5.295609
   321       211    1.54215438604344303e-62       144.862       121.549           26.6434           35.7003          5.187393          5.187393
   322       200    3.85538596510860758e-63       118.622       129.234           27.5206           48.6868          4.159607          4.159607
   323       202    9.63846491277151895e-64       117.658       135.846          27.11789           31.5748          5.668594          5.668594
   324       217    2.40961622819287974e-64        119.28       128.532          25.21501           36.2321          4.487015          4.487015
   325       205    6.02404057048219934e-65       119.608       138.572          25.20381          16.67261          5.623611          5.623611
   326       205    1.50601014262054984e-65       114.824       135.652           26.2925          18.47461          5.717407          5.717407
   327       209    3.76502535655137459e-66       114.513       131.162          27.48959          6.256805          5.961105          5.961105
   328       321    9.41256339137843647e-67        119.74        132.76           26.8615           10.3903             5.403             5.403
   329       217    2.35314084784460912e-67       127.375       123.688          26.72791            10.757          4.668198          4.668198
   330       226    5.88285211961152279e-68       136.249       120.068          27.55371            9.2948          4.943298          4.943298
   331       323    1.47071302990288070e-68       121.896       138.984           28.0058          9.199799          4.527496          4.527496
   332       331    3.67678257475720175e-69       125.787       137.871          28.26781           10.4001          4.054993          4.054993
   333       220    9.19195643689300437e-70       119.506       139.622           30.0054          9.687103          5.650696          5.650696
   334       329    2.29798910922325109e-70       120.407       134.442          30.28239           17.9191          5.117401          5.117401
   335       218    5.74497277305812773e-71       121.484       133.878           30.5396           13.8147          5.644394          5.644394
   336       223    1.43624319326453193e-71       115.074       130.641          30.32689           11.6003          5.247299          5.247299
   337       222    3.59060798316132983e-72       135.938       138.059          32.22701           14.2529          5.970108          5.970108
   338       216    8.97651995790332458e-73       141.218       129.785            31.601          12.22211          5.388306          5.388306
   339       206    2.24412998947583114e-73       88.3964        162.44          30.33231          20.58081            4.6483            4.6483
   340       205    5.61032497368957786e-74       88.4646        140.24           30.5977          16.78621          5.300201          5.300201
   341       195    1.40258124342239446e-74       89.6118       160.283          30.30779          23.54219          5.902893          5.902893
   342       195    3.50645310855598616e-75       88.3319        165.67           29.8927           40.4267            4.7556            4.7556
   343       186    8.76613277138996541e-76       92.0695       165.393          30.85451           28.4651          4.788712          4.788712
   344       203    2.19153319284749135e-76        99.868       159.261          30.10921           25.7719          3.284607          3.284607
   345       197    5.47883298211872838e-77       93.9477       155.356           31.3141           36.5894          3.723404          3.723404
   346       205    1.36970824552968209e-77        89.875       147.411           30.4379           24.9592            5.9207          5.967392
   347       222    3.42427061382420524e-78       88.6739        166.96           30.2149           25.5087            2.6185          5.083603
   348       197    8.56067653456051309e-79       92.6224       162.389           32.5974          29.16249          2.634995          3.522491
   349       211    2.14016913364012827e-79       96.1483       161.277           33.8781           27.6279          2.252701          4.344391
   350       215    5.35042283410032068e-80       91.4544       175.914           34.6946            21.989          3.020996          4.630295
   351       217    1.33760570852508017e-80       90.5818       160.298          34.77859          30.00639          2.937195          4.950195
   352       218    3.34401427131270043e-81        88.691       164.058           34.0387           24.1888          2.462296            3.2061
   353       204    8.36003567828175107e-82       93.0985        155.53          34.53821           27.0144          2.599197          5.045105
   354       200    2.09000891957043777e-82       88.4894       159.789            34.748           28.4328          3.512604          5.047104
   355       206    5.22502229892609442e-83       89.3919       158.041          34.65921          27.23351           2.52771          4.643204
   356       201    1.30625557473152360e-83        91.163       139.514          36.02699           26.2041          2.408203          4.979797
   357       207    3.26563893682880901e-84       90.4578       168.905           36.4472           28.2621          4.207397          5.782806
   358       202    8.16409734207202253e-85       88.8806       168.167          37.08369             30.75          3.495193          3.830597
   359       198    2.04102433551800563e-85       88.3749       169.851          39.61601           29.6414          3.301102          4.831207
   360       179    5.10256083879501408e-86       99.9472        163.76          40.41861           27.0273          4.216904          5.815598
   361       202    1.27564020969875352e-86       91.1933       168.925          40.94019          24.06059          2.174286          4.559097
   362       210    3.18910052424688380e-87       92.6558       153.759          41.61009           20.4034          2.994797          4.848099
   363       213    7.97275131061720950e-88        101.88        167.85          42.04601          17.29919          2.356506          5.238098
   364       204    1.99318782765430237e-88       90.5447       147.839           43.4514          21.92599          4.569702          5.746094
   365       199    4.98296956913575594e-89       90.4365       159.252           45.0394          12.13719          4.295395          4.781097
   366       194    1.24574239228393898e-89       88.6032       159.099           45.8199           13.2869          3.907791           5.50029
   367       202    3.11435598070984746e-90       88.8271       161.713           45.6214          15.51709          3.434097          5.625198
   368       210    7.78588995177461865e-91       91.7394       131.196          44.58609          15.31609          4.180496          5.462387
   369       213    1.94647248794365466e-91       89.8257       162.601          44.93671           30.2319          2.485199          5.600311
   370       188    4.86618121985913666e-92       94.0146       165.609          45.78821          15.04091          5.563904          5.563904
   371       205    1.21654530496478416e-92       89.6363       145.336          45.73239          20.37399          4.512787          4.512787
   372       207    3.04136326241196041e-93       92.6559        154.01          45.68291          5.326202          4.292999          4.292999
   373       325    7.60340815602990103e-94       90.0911       173.762          44.52861             5.362          4.496811          4.496811
   374       320    1.90085203900747526e-94       89.9365       177.366           43.8201           11.6467          4.414093          4.414093
   375       211    4.75213009751868814e-95       88.4225       139.224          44.29091          5.817001          4.452408          4.452408
   376       325    1.18803252437967204e-95       87.6868       155.303          44.53259        -0.1307983            3.2229          5.027893
   377       310    2.97008131094918009e-96       90.5743       159.337           42.8907         -5.527298          3.523804          4.512894
   378       331    7.42520327737295022e-97       88.2428        149.42          44.02701         0.1329956          4.849197          4.849197
   379       322    1.85630081934323756e-97       93.9932       145.515          44.61479         -11.11031            3.9832            3.9832
   380       322    4.64075204835809389e-98       91.0965       149.598            43.862          -11.4774          4.081802          4.081802
   381       331    1.16018801208952347e-98       99.4392       161.215           44.4041          2.990097            4.6595            4.6595
   382       328    2.90047003022380868e-99       91.0533       159.066          45.12689         -8.270203          4.133499          4.133499
   383       325    7.25117507555952170e-100       91.9088       176.677          45.26349          -19.4061          3.899902          3.899902
   384       334    1.81279376888988042e-100       94.9681       151.017          47.27139         -7.565704          4.871597          4.871597
   385       335    4.53198442222470106e-101        90.472       171.355           48.1172          29.96449          5.899292          5.899292
   386       213    1.13299610555617527e-101        91.334       173.039           47.2038          8.483398          4.050705          4.050705
   387       332    2.83249026389043816e-102       89.2964       134.255          47.21469          9.799103          3.996994          3.996994
   388       350    7.08122565972609541e-103       89.8828       156.385           46.7267          7.418991          3.785294          3.785294
   389       330    1.77030641493152385e-103       90.5464       145.369           47.0056          5.550797          3.855789          3.855789
   390       341    4.42576603732880963e-104       88.8414        155.16          46.96971         -1.443588          4.411011          4.736206
   391       324    1.10644150933220241e-104       95.2375       149.294          47.06369         -10.34631           4.76329           4.76329
   392       334    2.76610377333050602e-105       88.8661       155.135           46.2554          -16.1496          4.703506          4.703506
   393       340    6.91525943332626505e-106       88.5517        144.98          46.16641         -8.786789          5.397507            5.4104
   394       313    1.72881485833156626e-106       88.3408       172.042           44.7198         -9.476898          4.629303          4.629303
   395       322    4.32203714582891566e-107       91.4195       155.365           44.9231          4.295105          4.983597          5.737701
   396       317    1.08050928645722891e-107       92.6377       155.794           45.3042         -10.86809          5.504303          5.504303
   397       334    2.70127321614307228e-108       90.1336       162.443          47.13359          1.156189          6.211899          6.211899
