#Res        AtomicFlx
   1.000      23.5490
   2.000      22.3237
   3.000      21.3984
   4.000      20.0659
   5.000      19.9591
   6.000      19.0205
   7.000      17.4776
   8.000      16.1893
   9.000      14.8627
  10.000      12.3543
  11.000      10.2126
  12.000       7.7056
  13.000       5.3208
  14.000       3.5896
  15.000       2.2909
  16.000       1.6386
  17.000       1.6774
  18.000       1.6676
  19.000       1.5210
  20.000       1.3790
  21.000       1.3669
  22.000       1.1989
  23.000       1.1079
  24.000       0.9157
  25.000       0.9061
  26.000       0.8754
  27.000       0.8195
  28.000       1.0623
  29.000       1.5505
  30.000       2.2423
  31.000       2.4821
  32.000       2.0324
  33.000       2.2816
  34.000       2.8825
  35.000       2.7399
  36.000       2.4113
  37.000       2.0071
  38.000       1.7106
  39.000       1.4673
  40.000       1.3565
  41.000       1.3148
  42.000       1.4011
  43.000       1.4301
  44.000       1.5687
  45.000       1.7162
  46.000       2.0262
  47.000       1.9946
  48.000       1.7149
  49.000       1.5894
  50.000       1.5423
  51.000       1.5653
  52.000       1.7109
  53.000       2.0220
  54.000       2.6846
  55.000       3.5191
  56.000       4.3872
  57.000       5.1330
  58.000       5.2574
  59.000       4.8750
  60.000       3.9739
  61.000       2.9830
  62.000       2.3732
  63.000       2.2697
  64.000       1.9935
  65.000       1.9686
  66.000       1.7661
  67.000       1.7921
  68.000       1.6748
  69.000       1.6272
  70.000       1.4379
  71.000       1.3515
  72.000       1.1150
  73.000       1.0625
  74.000       1.0085
  75.000       1.1713
  76.000       1.0431
  77.000       1.0480
  78.000       1.0399
  79.000       1.2799
  80.000       1.3420
  81.000       1.2228
  82.000       1.2960
  83.000       1.5815
  84.000       1.6391
  85.000       1.4722
  86.000       1.4153
  87.000       1.7282
  88.000       1.8844
  89.000       1.6648
  90.000       1.6896
  91.000       1.8967
  92.000       1.7776
  93.000       1.6376
  94.000       1.8364
  95.000       1.9291
  96.000       1.7221
  97.000       1.4733
  98.000       1.3274
  99.000       1.1528
 100.000       1.0377
 101.000       0.8775
 102.000       0.8429
 103.000       0.7382
 104.000       0.8294
 105.000       0.8403
 106.000       0.8548
 107.000       0.8598
 108.000       0.7780
 109.000       0.6962
 110.000       0.6133
 111.000       0.5761
 112.000       0.5613
 113.000       0.6054
 114.000       0.6716
 115.000       0.7143
 116.000       0.7575
 117.000       0.7899
 118.000       0.9528
 119.000       1.1651
 120.000       1.3437
 121.000       1.6690
 122.000       2.0390
 123.000       2.0477
 124.000       1.9338
 125.000       1.7201
 126.000       1.6593
 127.000       1.4685
 128.000       1.5595
 129.000       1.5256
 130.000       1.3124
 131.000       1.1846
 132.000       0.9664
 133.000       0.9629
 134.000       0.8956
 135.000       0.9330
 136.000       0.9635
 137.000       1.1238
 138.000       1.2464
 139.000       1.2895
 140.000       1.4107
 141.000       1.5624
 142.000       1.6286
 143.000       1.6565
 144.000       1.8285
 145.000       1.9582
 146.000       2.0447
 147.000       2.1445
 148.000       2.3435
 149.000       2.5769
 150.000       2.6760
 151.000       2.7743
 152.000       2.4843
 153.000       2.2886
 154.000       1.9635
 155.000       1.6851
 156.000       1.4662
 157.000       1.2357
 158.000       1.0420
 159.000       0.8860
 160.000       0.8492
 161.000       0.7075
 162.000       0.7308
 163.000       0.7487
 164.000       0.9613
 165.000       1.2894
 166.000       1.1468
 167.000       1.0088
 168.000       1.0187
 169.000       0.8475
 170.000       0.9844
 171.000       0.9678
 172.000       1.0342
 173.000       1.1793
 174.000       1.5569
 175.000       1.7727
 176.000       1.6046
 177.000       1.6878
 178.000       2.1684
 179.000       2.0033
 180.000       1.7606
 181.000       1.5974
 182.000       1.2302
 183.000       1.1077
 184.000       1.1391
 185.000       1.2411
 186.000       1.5241
 187.000       1.8747
 188.000       2.4495
 189.000       2.6872
 190.000       2.3859
 191.000       2.4615
 192.000       2.2322
 193.000       1.8146
 194.000       1.4583
 195.000       1.2244
 196.000       1.1358
 197.000       1.1753
 198.000       1.4052
 199.000       1.4162
 200.000       1.4877
 201.000       1.2222
 202.000       1.1838
 203.000       1.4324
 204.000       1.6482
 205.000       2.1624
 206.000       2.0812
 207.000       2.0826
 208.000       2.1133
 209.000       1.8607
 210.000       1.5890
 211.000       1.4738
 212.000       1.5651
 213.000       1.3735
 214.000       1.1724
 215.000       1.3176
 216.000       1.3880
 217.000       1.1592
 218.000       1.1583
 219.000       1.3329
 220.000       1.2370
 221.000       1.1297
 222.000       1.3337
 223.000       1.5016
 224.000       1.4221
 225.000       1.5017
 226.000       1.7455
 227.000       1.7230
 228.000       1.6681
 229.000       2.2205
 230.000       1.5693
 231.000       1.0226
 232.000       0.9390
 233.000       0.9342
 234.000       0.8757
 235.000       0.6675
 236.000       0.6391
 237.000       0.5747
 238.000       0.6529
 239.000       0.7275
 240.000       0.9135
 241.000       1.0833
 242.000       1.2584
 243.000       1.4735
 244.000       1.7431
 245.000       2.0056
 246.000       2.3011
 247.000       2.7364
 248.000       3.6318
 249.000       4.3637
 250.000       5.4862
 251.000       5.5258
 252.000       5.0274
 253.000       4.4139
 254.000       3.7616
 255.000       3.1129
 256.000       2.5945
 257.000       1.9976
 258.000       1.7050
 259.000       1.4199
 260.000       1.2268
 261.000       1.0534
 262.000       0.9028
 263.000       0.7391
 264.000       0.6633
 265.000       0.5620
 266.000       0.6365
 267.000       0.7908
 268.000       0.9020
 269.000       1.0754
 270.000       1.1917
 271.000       1.8361
 272.000       2.2195
 273.000       3.1713
 274.000       4.5928
 275.000       5.8884
 276.000       7.5100
 277.000       8.2511
 278.000       9.0917
 279.000       9.7506
 280.000      10.7518
 281.000      11.2115
 282.000      11.0585
 283.000       8.8165
 284.000       6.5509
 285.000       4.4637
 286.000       2.6419
 287.000       2.3017
 288.000       2.0823
 289.000       1.6156
 290.000       1.4802
 291.000       1.2520
 292.000       1.3477
 293.000       1.4223
 294.000       1.2782
 295.000       1.2715
 296.000       1.4344
 297.000       1.4577
 298.000       1.3936
 299.000       1.5139
 300.000       1.6792
 301.000       1.6984
 302.000       1.7304
 303.000       1.9324
 304.000       2.1026
 305.000       2.1088
 306.000       2.0463
 307.000       2.1924
 308.000       1.8809
 309.000       1.5484
 310.000       1.4149
 311.000       1.2571
 312.000       1.2743
 313.000       1.3191
 314.000       1.1601
 315.000       1.0215
 316.000       0.9383
 317.000       1.0491
 318.000       1.0778
 319.000       1.0155
 320.000       1.0263
 321.000       1.1771
 322.000       1.2627
 323.000       1.2560
 324.000       1.3142
 325.000       1.5520
 326.000       1.5228
 327.000       1.5991
 328.000       1.4061
 329.000       1.3365
 330.000       1.2595
 331.000       1.1109
 332.000       1.0831
 333.000       0.9244
 334.000       0.9525
 335.000       0.8654
 336.000       0.8943
 337.000       1.0027
 338.000       1.0790
 339.000       1.1415
 340.000       1.2976
 341.000       1.3898
 342.000       1.3500
 343.000       1.4212
 344.000       1.5478
 345.000       1.3607
 346.000       1.3123
 347.000       1.4925
 348.000       1.4400
 349.000       1.2894
 350.000       1.4051
 351.000       1.5264
 352.000       1.4204
 353.000       1.3942
 354.000       1.5857
 355.000       1.6286
 356.000       1.5081
 357.000       1.6198
 358.000       1.7270
 359.000       1.5952
 360.000       1.6479
 361.000       1.6703
 362.000       1.9167
 363.000       2.1889
 364.000       2.7675
 365.000       4.4061
 366.000       6.3553
 367.000       8.6402
 368.000      10.1392
