#Res        AtomicFlx
   1.000      23.3351
   2.000      22.0356
   3.000      20.2489
   4.000      18.3672
   5.000      16.9911
   6.000      15.6713
   7.000      14.9738
   8.000      13.6641
   9.000      11.8597
  10.000       9.8729
  11.000       7.9772
  12.000       5.9056
  13.000       4.2956
  14.000       3.3338
  15.000       2.2762
  16.000       1.8015
  17.000       1.6134
  18.000       1.5393
  19.000       1.3819
  20.000       1.2164
  21.000       1.1431
  22.000       1.0017
  23.000       0.9281
  24.000       0.8251
  25.000       0.9317
  26.000       1.0135
  27.000       1.1652
  28.000       1.3747
  29.000       1.7174
  30.000       2.2656
  31.000       2.5008
  32.000       2.1984
  33.000       2.4348
  34.000       2.9978
  35.000       2.9683
  36.000       2.7171
  37.000       2.2713
  38.000       1.9686
  39.000       1.6079
  40.000       1.3907
  41.000       1.3250
  42.000       1.3553
  43.000       1.4462
  44.000       1.5432
  45.000       1.7165
  46.000       1.9822
  47.000       1.8689
  48.000       1.5815
  49.000       1.4501
  50.000       1.3067
  51.000       1.3492
  52.000       1.4302
  53.000       1.5962
  54.000       2.1681
  55.000       3.1990
  56.000       4.3707
  57.000       5.1588
  58.000       5.2086
  59.000       5.2220
  60.000       3.8783
  61.000       2.6914
  62.000       1.9865
  63.000       1.8357
  64.000       1.5725
  65.000       1.5555
  66.000       1.4292
  67.000       1.4954
  68.000       1.4407
  69.000       1.4105
  70.000       1.2434
  71.000       1.2133
  72.000       1.0528
  73.000       1.1197
  74.000       1.2522
  75.000       1.4793
  76.000       1.2002
  77.000       1.1039
  78.000       0.9868
  79.000       1.1223
  80.000       1.1655
  81.000       1.0420
  82.000       1.0638
  83.000       1.2689
  84.000       1.3090
  85.000       1.1612
  86.000       1.1166
  87.000       1.2975
  88.000       1.4357
  89.000       1.3179
  90.000       1.3632
  91.000       1.5889
  92.000       1.6120
  93.000       1.5323
  94.000       1.7079
  95.000       1.9049
  96.000       1.8365
  97.000       1.6435
  98.000       1.4189
  99.000       1.1627
 100.000       1.0224
 101.000       0.8063
 102.000       0.7660
 103.000       0.6419
 104.000       0.7082
 105.000       0.7350
 106.000       0.7757
 107.000       0.8602
 108.000       0.9764
 109.000       0.7562
 110.000       0.8038
 111.000       0.6985
 112.000       0.6556
 113.000       0.7045
 114.000       0.6579
 115.000       0.6589
 116.000       0.7508
 117.000       0.8786
 118.000       1.1029
 119.000       1.3670
 120.000       1.5711
 121.000       1.9198
 122.000       2.2546
 123.000       2.1419
 124.000       2.0413
 125.000       1.7750
 126.000       1.6427
 127.000       1.4175
 128.000       1.4610
 129.000       1.5414
 130.000       1.3432
 131.000       1.2365
 132.000       1.0495
 133.000       0.9459
 134.000       0.8160
 135.000       0.7901
 136.000       0.8080
 137.000       0.9457
 138.000       1.0288
 139.000       1.0394
 140.000       1.1187
 141.000       1.2377
 142.000       1.3042
 143.000       1.3203
 144.000       1.4307
 145.000       1.5583
 146.000       1.6277
 147.000       1.7060
 148.000       1.9187
 149.000       2.1402
 150.000       2.1360
 151.000       2.1862
 152.000       2.1026
 153.000       1.9524
 154.000       1.7717
 155.000       1.6214
 156.000       1.3863
 157.000       1.1962
 158.000       1.0193
 159.000       0.8810
 160.000       0.8362
 161.000       0.8398
 162.000       0.9428
 163.000       0.9750
 164.000       1.1538
 165.000       1.4243
 166.000       1.3369
 167.000       1.2466
 168.000       1.2324
 169.000       1.1259
 170.000       1.0893
 171.000       1.1260
 172.000       1.2287
 173.000       1.4042
 174.000       1.6281
 175.000       1.9593
 176.000       1.7411
 177.000       1.7533
 178.000       1.7859
 179.000       2.0740
 180.000       1.8923
 181.000       1.6258
 182.000       1.5052
 183.000       1.5835
 184.000       1.8409
 185.000       2.0020
 186.000       2.3004
 187.000       2.5424
 188.000       3.1311
 189.000       3.2259
 190.000       2.9158
 191.000       2.8911
 192.000       2.4098
 193.000       2.1738
 194.000       1.7943
 195.000       1.7033
 196.000       1.5080
 197.000       1.5412
 198.000       1.6483
 199.000       1.5502
 200.000       1.5325
 201.000       1.3619
 202.000       1.2177
 203.000       1.4275
 204.000       1.5412
 205.000       2.1431
 206.000       1.6656
 207.000       1.5300
 208.000       1.5615
 209.000       1.4626
 210.000       1.3222
 211.000       1.3183
 212.000       1.3133
 213.000       1.1309
 214.000       1.0178
 215.000       1.1830
 216.000       1.1897
 217.000       1.0567
 218.000       1.1430
 219.000       1.3274
 220.000       1.2633
 221.000       1.1775
 222.000       1.4085
 223.000       1.5588
 224.000       1.4598
 225.000       1.5209
 226.000       1.8383
 227.000       1.8955
 228.000       1.7157
 229.000       1.9752
 230.000       1.6115
 231.000       1.1786
 232.000       1.5116
 233.000       1.0482
 234.000       0.9494
 235.000       0.8000
 236.000       0.7272
 237.000       0.6478
 238.000       0.6752
 239.000       0.7048
 240.000       0.8572
 241.000       1.0230
 242.000       1.2369
 243.000       1.4389
 244.000       1.6481
 245.000       1.8929
 246.000       2.4080
 247.000       3.0350
 248.000       3.1548
 249.000       4.0562
 250.000       5.9235
 251.000       5.2884
 252.000       3.7760
 253.000       3.0580
 254.000       2.8639
 255.000       2.3438
 256.000       2.1539
 257.000       1.8979
 258.000       1.7167
 259.000       1.4656
 260.000       1.2526
 261.000       1.0072
 262.000       0.8403
 263.000       0.6892
 264.000       0.6338
 265.000       0.5599
 266.000       0.6479
 267.000       0.7878
 268.000       0.9161
 269.000       1.0938
 270.000       1.2566
 271.000       1.7713
 272.000       2.1089
 273.000       2.6928
 274.000       3.8756
 275.000       5.9371
 276.000       7.6307
 277.000       9.1189
 278.000       8.6937
 279.000       8.4452
 280.000       9.4338
 281.000       8.7223
 282.000       8.4491
 283.000       7.2568
 284.000       5.4672
 285.000       5.4399
 286.000       4.7093
 287.000       2.8887
 288.000       2.0491
 289.000       1.2642
 290.000       1.2747
 291.000       1.1128
 292.000       1.0729
 293.000       1.2719
 294.000       1.3073
 295.000       1.2000
 296.000       1.3109
 297.000       1.4793
 298.000       1.4392
 299.000       1.4281
 300.000       1.6190
 301.000       1.7464
 302.000       1.7222
 303.000       1.8175
 304.000       2.0959
 305.000       2.2667
 306.000       2.3105
 307.000       2.5448
 308.000       2.0997
 309.000       1.7752
 310.000       1.5880
 311.000       1.4791
 312.000       1.5600
 313.000       1.4977
 314.000       1.3186
 315.000       1.2540
 316.000       1.1032
 317.000       1.2527
 318.000       1.2904
 319.000       1.2250
 320.000       1.2106
 321.000       1.4154
 322.000       1.4056
 323.000       1.2827
 324.000       1.4354
 325.000       1.6300
 326.000       1.6663
 327.000       1.6696
 328.000       1.5524
 329.000       1.4128
 330.000       1.3127
 331.000       1.0563
 332.000       0.9428
 333.000       0.7830
 334.000       0.7924
 335.000       0.7256
 336.000       0.8373
 337.000       1.0484
 338.000       1.2539
 339.000       1.3346
 340.000       1.4272
 341.000       1.4338
 342.000       1.2212
 343.000       1.2196
 344.000       1.2393
 345.000       1.1110
 346.000       1.0567
 347.000       1.1463
 348.000       1.1155
 349.000       0.9955
 350.000       1.0837
 351.000       1.2024
 352.000       1.1474
 353.000       1.1287
 354.000       1.2981
 355.000       1.4088
 356.000       1.3547
 357.000       1.4443
 358.000       1.5684
 359.000       1.5142
 360.000       1.6561
 361.000       1.6624
 362.000       2.1921
 363.000       2.9751
 364.000       3.1455
 365.000       5.0064
 366.000       6.7082
 367.000       9.1610
 368.000      11.3657
