Run semi-empirical minimization
 &qmmm
    qm_theory='AM1', grms_tol=0.0005,
 scfconv=1.d-10, ndiis_attempts=700,   qmcharge=0,
 /
   6    C1       40.1500       25.2430      112.1810 
   6    C2       41.1910       25.7740      111.4240 
   6    C3       42.2050       26.4940      112.0470 
   6    C4       42.1790       26.6840      113.4270 
   6    C5       41.1370       26.1530      114.1830 
   6    C6       40.1230       25.4320      113.5600 
   6    C7       41.2240       25.5800      109.9050 
   7    N8       39.9640       26.0900      109.3430 
   6    C9       39.0090       25.2570      108.7490 
   7   N10       39.2350       23.8820      108.6300 
   6   C11       40.4370       23.3060      109.0590 
   6   C12       41.4490       24.0960      109.5970 
   8   O13       43.1220       27.3580      114.0050 
   6   C14       42.8330       23.5100      109.8830 
   8   O15       42.9930       22.1590      109.8440 
   6   C16       44.3370       21.7420      110.1240 
   6   C17       44.4120       20.2270      109.9310 
   6   C18       40.5870       21.7900      108.9160 
   8   O19       43.7760       24.2600      110.1310 
  16   S20       37.5420       25.9150      108.1450 
   1  HN10       38.6250       23.3820      108.2870 
   1  H183       39.8940       21.3460      109.4290 
   1  H182       40.5050       21.5430      107.9820 
   1  H181       41.4580       21.5180      109.2460 
   1  H173       43.7930       19.7920      110.5380 
   1  H172       44.1760       20.0050      109.0170 
   1  H171       45.3140       19.9210      110.1150 
   1  H162       44.9610       22.1900      109.5320 
   1  H161       44.5840       21.9810      111.0310 
   1   HN8       39.8080       26.9350      109.3810 
   1    H7       41.9530       26.0740      109.4980 
   1    H6       39.3980       25.0610      114.0860 
   1    H5       41.1180       26.2860      115.1440 
   1    H3       42.9310       26.8640      111.5200 
   1    H1       39.4430       24.7410      111.7470 
   1   H13       43.3150       27.6160      114.9100 

